http://sci2s.ugr.es/keel/dataset.php?cod=88
Численная версия Statlog немецкий кредит набор данных. 
Здесь задача заключается в clasify клиентов как хорошее (1) или плохо (2), в зависимости от 20 особенности о них и их bancary счетов. 

В этой задаче, использование дополнительную плату матрицы рекомендуется, потому что это хуже для класса клиента так хорошо,
когда им плохо (стоил 5), чем для класса а клиент так плохо, когда им хорошо (стоимость 1).
__max=52,
Features	20
Instances	1000
Classes	2,

@relation german
@attribute StatusAccount {43, 42, 41, 40}
@attribute DurationMonth integer [4, 72]
@attribute CreditHistory {44, 50, 51, 48, 38}
@attribute Purpose {52, 45, 46, 49, 47, 39, 37, 36, 34, 35}
@attribute CreditAmount integer [250, 18424]
@attribute SavingsAccount {33, 32, 31, 30, 29}
@attribute EmploymentSince {28, 27, 26, 25, 24}
@attribute InstallmentRate integer [1, 4]
@attribute StatusAndSex {23, 22, 21, 20}
@attribute Guarantors {19, 18, 17}
@attribute ResidenceSince integer [1, 4]
@attribute Property {421, 2, 3, 4}
@attribute Age integer [19, 75]
@attribute InstallmentPlans {7, 6, 5}
@attribute Housing {10, 9, 8}
@attribute NCredits integer [1, 4]
@attribute Job {14, 13, 12, 11}
@attribute NPeopleMain integer [1, 2]
@attribute Telephone {15, 16}
@attribute ForeignWorker {1, 0}
@attribute Customer {1,2}
@inputs StatusAccount, DurationMonth, CreditHistory, Purpose, CreditAmount, SavingsAccount, EmploymentSince, InstallmentRate, StatusAndSex, Guarantors, ResidenceSince, Property, Age, InstallmentPlans, Housing, NCredits, Job, NPeopleMain, Telephone, ForeignWorker
@outputs Customer
@data
43, 6, 44, 52, 1169, 33, 28, 4, 23, 19, 4, 421, 67, 7, 10, 2, 14, 1, 15, 1, 1,
42, 48, 50, 52, 5951, 32, 27, 2, 22, 19, 2, 421, 22, 7, 10, 1, 14, 1, 16, 1, 2,
41, 12, 44, 45, 2096, 32, 26, 2, 23, 19, 3, 421, 49, 7, 10, 1, 13, 2, 16, 1, 1,
43, 42, 50, 46, 7882, 32, 26, 2, 23, 18, 4, 2, 45, 7, 9, 1, 14, 2, 16, 1, 1,
43, 24, 51, 49, 4870, 32, 27, 3, 23, 19, 4, 3, 53, 7, 9, 2, 14, 2, 16, 1, 2,
41, 36, 50, 45, 9055, 33, 27, 2, 23, 19, 4, 3, 35, 7, 9, 1, 13, 2, 15, 1, 1,
41, 24, 50, 46, 2835, 31, 28, 3, 23, 19, 4, 2, 53, 7, 10, 1, 14, 1, 16, 1, 1,
41, 12, 50, 52, 3059, 30, 26, 2, 21, 19, 4, 421, 61, 7, 10, 1, 13, 1, 16, 1, 1,
42, 30, 44, 49, 5234, 32, 25, 4, 20, 19, 2, 4, 28, 7, 10, 2, 12, 1, 16, 1, 2,
42, 12, 50, 52, 1567, 32, 27, 1, 22, 19, 1, 4, 22, 7, 10, 1, 14, 1, 15, 1, 1,
43, 15, 50, 49, 1403, 32, 27, 2, 22, 19, 4, 4, 28, 7, 8, 1, 14, 1, 16, 1, 1,
43, 24, 50, 52, 1282, 29, 27, 4, 22, 19, 2, 4, 32, 7, 10, 1, 13, 1, 16, 1, 2,
41, 24, 44, 52, 2424, 33, 28, 4, 23, 19, 4, 2, 53, 7, 10, 2, 14, 1, 16, 1, 1,
43, 30, 48, 39, 8072, 33, 24, 2, 23, 19, 3, 4, 25, 6, 10, 3, 14, 1, 16, 1, 1,
42, 24, 50, 47, 12579, 32, 28, 4, 22, 19, 2, 3, 44, 7, 9, 1, 12, 1, 15, 1, 2,
41, 9, 44, 49, 2134, 32, 27, 4, 23, 19, 4, 4, 48, 7, 10, 3, 14, 1, 15, 1, 1,
43, 6, 50, 52, 2647, 31, 27, 2, 23, 19, 3, 421, 44, 7, 8, 1, 14, 2, 16, 1, 1,
43, 10, 44, 49, 2241, 32, 24, 1, 23, 19, 3, 421, 48, 7, 8, 2, 13, 2, 16, 0, 1,
42, 12, 44, 47, 1804, 29, 24, 3, 23, 19, 4, 2, 44, 7, 10, 1, 14, 1, 16, 1, 1,
41, 10, 44, 46, 2069, 33, 27, 2, 20, 19, 1, 4, 26, 7, 10, 2, 14, 1, 16, 0, 1,
43, 6, 50, 46, 1374, 32, 27, 1, 23, 19, 2, 421, 36, 6, 10, 1, 13, 1, 15, 1, 1,
41, 6, 48, 52, 426, 32, 28, 4, 20, 19, 4, 4, 39, 7, 10, 1, 13, 1, 16, 1, 1,
40, 12, 38, 52, 409, 30, 27, 3, 22, 19, 3, 421, 42, 7, 8, 2, 14, 1, 16, 1, 1,
42, 7, 50, 52, 2415, 32, 27, 3, 23, 18, 2, 421, 34, 7, 10, 1, 14, 1, 16, 1, 1,
43, 60, 51, 39, 6836, 32, 28, 3, 23, 19, 4, 3, 63, 7, 10, 2, 14, 1, 15, 1, 2,
42, 18, 50, 39, 1913, 30, 24, 3, 20, 19, 3, 421, 36, 6, 10, 1, 14, 1, 15, 1, 1,
43, 24, 50, 46, 4020, 32, 27, 2, 23, 19, 2, 4, 27, 5, 10, 1, 14, 1, 16, 1, 1,
42, 18, 50, 49, 5866, 29, 27, 2, 23, 19, 2, 4, 30, 7, 10, 2, 14, 1, 15, 1, 1,
40, 12, 50, 46, 1474, 32, 24, 4, 22, 19, 1, 2, 33, 6, 10, 1, 12, 1, 15, 1, 1,
42, 45, 44, 52, 4746, 32, 24, 4, 23, 19, 2, 2, 25, 7, 10, 2, 13, 1, 16, 1, 2,
41, 48, 44, 45, 6110, 32, 27, 1, 23, 19, 3, 3, 31, 6, 9, 1, 14, 1, 15, 1, 1,
40, 18, 50, 52, 2100, 32, 27, 4, 23, 17, 2, 421, 37, 5, 10, 1, 14, 1, 16, 1, 2,
40, 10, 50, 37, 1225, 32, 27, 2, 23, 19, 2, 4, 37, 7, 10, 1, 14, 1, 15, 1, 1,
42, 9, 50, 52, 458, 32, 27, 4, 23, 19, 3, 421, 24, 7, 10, 1, 14, 1, 16, 1, 1,
41, 30, 50, 52, 2333, 31, 28, 4, 23, 19, 2, 4, 30, 6, 10, 1, 12, 1, 16, 1, 1,
42, 12, 50, 52, 1158, 31, 27, 3, 21, 19, 1, 4, 26, 7, 10, 1, 14, 1, 15, 1, 1,
42, 18, 51, 36, 6204, 32, 27, 2, 23, 19, 4, 421, 44, 7, 10, 1, 13, 2, 15, 1, 1,
43, 30, 44, 47, 6187, 29, 26, 1, 20, 19, 4, 4, 24, 7, 8, 2, 14, 1, 16, 1, 1,
43, 48, 44, 47, 6143, 32, 28, 4, 22, 19, 4, 3, 58, 5, 9, 2, 13, 1, 16, 1, 2,
41, 11, 44, 49, 1393, 32, 24, 4, 22, 19, 4, 4, 35, 7, 10, 2, 12, 1, 16, 1, 1,
41, 36, 50, 52, 2299, 31, 28, 4, 23, 19, 4, 4, 39, 7, 10, 1, 14, 1, 16, 1, 1,
43, 6, 50, 47, 1352, 31, 25, 1, 22, 19, 2, 2, 23, 7, 8, 1, 11, 1, 15, 1, 1,
41, 11, 44, 49, 7228, 32, 27, 1, 23, 19, 4, 2, 39, 7, 10, 2, 13, 1, 16, 1, 1,
41, 12, 50, 52, 2073, 29, 27, 4, 22, 17, 2, 421, 28, 7, 10, 1, 14, 1, 16, 1, 1,
42, 24, 51, 46, 2333, 33, 24, 4, 23, 19, 2, 2, 29, 6, 10, 1, 13, 1, 16, 1, 1,
42, 27, 51, 47, 5965, 32, 28, 1, 23, 19, 2, 4, 30, 7, 10, 2, 12, 1, 15, 1, 1,
41, 12, 50, 52, 1262, 32, 27, 3, 23, 19, 2, 4, 25, 7, 10, 1, 14, 1, 16, 1, 1,
41, 18, 50, 47, 3378, 33, 27, 2, 23, 19, 1, 2, 31, 7, 10, 1, 14, 1, 15, 1, 1,
42, 36, 51, 49, 2225, 32, 28, 4, 23, 19, 4, 3, 57, 6, 9, 2, 14, 1, 15, 1, 2,
41, 6, 38, 49, 783, 33, 27, 1, 23, 18, 2, 421, 26, 5, 10, 1, 13, 2, 16, 1, 1,
42, 12, 50, 52, 6468, 33, 25, 2, 23, 19, 1, 3, 52, 7, 10, 1, 12, 1, 15, 1, 2,
41, 36, 44, 52, 9566, 32, 27, 2, 22, 19, 2, 4, 31, 5, 10, 2, 14, 1, 16, 1, 1,
40, 18, 50, 49, 1961, 32, 28, 3, 22, 19, 2, 4, 23, 7, 10, 1, 12, 1, 16, 1, 1,
43, 36, 44, 46, 6229, 32, 24, 4, 22, 17, 4, 3, 23, 7, 8, 2, 13, 1, 15, 1, 2,
42, 9, 50, 39, 1391, 32, 27, 2, 20, 19, 1, 421, 27, 6, 10, 1, 14, 1, 15, 1, 1,
42, 15, 44, 52, 1537, 33, 28, 4, 23, 18, 4, 421, 50, 7, 10, 2, 14, 1, 15, 1, 1,
42, 48, 48, 39, 14421, 32, 27, 2, 23, 19, 2, 4, 25, 7, 10, 1, 14, 1, 15, 1, 2,
41, 24, 50, 52, 3181, 32, 24, 4, 22, 19, 4, 2, 26, 7, 10, 1, 14, 1, 15, 1, 1,
41, 27, 50, 36, 5190, 33, 28, 4, 23, 19, 4, 2, 48, 7, 10, 4, 14, 2, 15, 1, 1,
42, 12, 50, 49, 1007, 30, 27, 4, 20, 19, 1, 421, 22, 7, 10, 1, 14, 1, 16, 1, 1,
41, 36, 50, 45, 1819, 32, 27, 4, 23, 19, 4, 3, 37, 5, 9, 1, 14, 1, 15, 1, 2,
41, 36, 50, 52, 2394, 33, 27, 4, 22, 19, 4, 4, 25, 7, 10, 1, 14, 1, 16, 1, 1,
41, 36, 50, 47, 8133, 32, 27, 1, 22, 19, 2, 2, 30, 6, 10, 1, 14, 1, 16, 1, 1,
41, 7, 44, 52, 730, 33, 28, 4, 23, 19, 2, 2, 46, 7, 8, 2, 13, 1, 15, 1, 1,
43, 8, 44, 34, 1164, 32, 28, 3, 23, 19, 4, 3, 51, 6, 9, 2, 12, 2, 15, 1, 1,
42, 42, 44, 39, 5954, 32, 26, 2, 22, 19, 1, 421, 41, 6, 10, 2, 13, 1, 16, 1, 1,
43, 36, 50, 45, 1977, 33, 28, 4, 23, 19, 4, 3, 40, 7, 10, 1, 12, 1, 15, 1, 2,
43, 12, 44, 47, 1526, 32, 28, 4, 23, 19, 4, 3, 66, 7, 9, 2, 12, 1, 16, 1, 1,
43, 42, 50, 52, 3965, 32, 24, 4, 23, 19, 3, 4, 34, 7, 10, 1, 14, 1, 16, 1, 2,
42, 11, 51, 52, 4771, 32, 26, 2, 23, 19, 4, 2, 51, 7, 10, 1, 14, 1, 16, 1, 1,
41, 54, 48, 47, 9436, 33, 27, 2, 23, 19, 2, 2, 39, 7, 10, 1, 13, 2, 16, 1, 1,
42, 30, 50, 46, 3832, 32, 24, 2, 20, 19, 1, 2, 22, 7, 10, 1, 14, 1, 16, 1, 1,
41, 24, 50, 52, 5943, 33, 24, 1, 22, 19, 1, 4, 44, 7, 10, 2, 14, 1, 15, 1, 2,
41, 15, 50, 52, 1213, 31, 28, 4, 23, 19, 3, 2, 47, 5, 10, 1, 14, 1, 15, 1, 1,
41, 18, 50, 39, 1568, 29, 27, 3, 22, 19, 4, 2, 24, 7, 8, 1, 13, 1, 16, 1, 1,
43, 10, 50, 52, 2315, 32, 28, 3, 23, 19, 4, 421, 52, 7, 10, 1, 13, 1, 16, 1, 1,
42, 18, 44, 46, 1295, 32, 24, 4, 22, 19, 1, 2, 27, 7, 10, 2, 14, 1, 16, 1, 1,
42, 36, 50, 45, 12612, 29, 27, 1, 23, 19, 4, 3, 47, 7, 9, 1, 14, 2, 15, 1, 2,
43, 18, 50, 49, 2249, 29, 26, 4, 23, 19, 3, 4, 30, 7, 10, 1, 12, 2, 15, 1, 1,
41, 12, 44, 52, 618, 32, 28, 4, 23, 19, 4, 421, 56, 7, 10, 1, 14, 1, 16, 1, 1,
43, 12, 44, 47, 1409, 32, 28, 4, 23, 19, 3, 421, 54, 7, 10, 1, 14, 1, 16, 1, 1,
41, 12, 44, 52, 797, 33, 28, 4, 22, 19, 3, 2, 33, 6, 10, 1, 13, 2, 16, 1, 2,
40, 24, 44, 46, 3617, 33, 28, 4, 23, 17, 4, 3, 20, 7, 8, 2, 14, 1, 16, 1, 1,
42, 12, 50, 49, 1318, 30, 28, 4, 23, 19, 4, 421, 54, 7, 10, 1, 14, 1, 15, 1, 1,
42, 54, 48, 39, 15945, 32, 24, 3, 23, 19, 4, 3, 58, 7, 8, 1, 14, 1, 15, 1, 2,
41, 12, 44, 45, 2012, 33, 26, 4, 22, 19, 2, 4, 61, 7, 10, 1, 14, 1, 16, 1, 1,
42, 18, 50, 39, 2622, 29, 27, 4, 23, 19, 4, 4, 34, 7, 10, 1, 14, 1, 16, 1, 1,
42, 36, 44, 52, 2337, 32, 28, 4, 23, 19, 4, 421, 36, 7, 10, 1, 14, 1, 16, 1, 1,
42, 20, 51, 47, 7057, 33, 26, 3, 23, 19, 4, 2, 36, 6, 8, 2, 12, 2, 15, 1, 1,
41, 24, 50, 49, 1469, 29, 28, 4, 20, 19, 4, 421, 41, 7, 8, 1, 13, 1, 16, 1, 1,
42, 36, 50, 52, 2323, 32, 26, 4, 23, 19, 4, 4, 24, 7, 8, 1, 14, 1, 16, 1, 1,
41, 6, 51, 52, 932, 32, 27, 3, 22, 19, 2, 421, 24, 7, 10, 1, 14, 1, 16, 1, 1,
42, 9, 44, 46, 1919, 32, 26, 4, 23, 19, 3, 4, 35, 7, 8, 1, 14, 1, 15, 1, 1,
41, 12, 50, 47, 2445, 33, 24, 2, 20, 19, 4, 4, 26, 7, 8, 1, 14, 1, 15, 1, 1,
41, 18, 38, 49, 6458, 32, 28, 2, 23, 19, 4, 3, 39, 6, 10, 2, 12, 2, 15, 1, 2,
42, 12, 50, 49, 6078, 32, 26, 2, 23, 19, 2, 4, 32, 7, 10, 1, 14, 1, 16, 1, 1,
43, 24, 50, 46, 7721, 33, 24, 1, 22, 19, 2, 2, 30, 7, 10, 1, 14, 1, 15, 0, 1,
42, 14, 50, 39, 1410, 31, 28, 1, 20, 19, 2, 421, 35, 7, 10, 1, 14, 1, 15, 1, 1,
42, 6, 51, 39, 1449, 29, 28, 1, 21, 19, 2, 4, 31, 6, 10, 2, 14, 2, 16, 1, 1,
42, 18, 50, 49, 6260, 32, 26, 3, 23, 19, 3, 421, 28, 7, 8, 1, 13, 1, 16, 1, 1,
41, 36, 44, 49, 7855, 32, 27, 4, 22, 19, 2, 421, 25, 5, 10, 2, 14, 1, 15, 1, 2,
43, 12, 50, 52, 1680, 31, 28, 3, 20, 19, 1, 421, 35, 7, 10, 1, 14, 1, 16, 1, 1,
41, 48, 44, 52, 3578, 33, 28, 4, 23, 19, 1, 421, 47, 7, 10, 1, 14, 1, 15, 1, 1,
43, 42, 50, 52, 7174, 33, 26, 4, 22, 19, 3, 4, 30, 7, 10, 1, 12, 1, 15, 1, 2,
43, 10, 44, 46, 2132, 33, 24, 2, 22, 17, 3, 421, 27, 7, 8, 2, 14, 1, 16, 0, 1,
43, 33, 44, 46, 4281, 31, 27, 1, 22, 19, 4, 4, 23, 7, 10, 2, 14, 1, 16, 1, 2,
42, 12, 44, 49, 2366, 31, 26, 3, 21, 19, 3, 4, 36, 7, 10, 1, 12, 1, 15, 1, 1,
43, 21, 50, 52, 1835, 32, 27, 3, 22, 19, 2, 421, 25, 7, 10, 2, 14, 1, 15, 1, 2,
41, 24, 44, 47, 3868, 32, 28, 4, 22, 19, 2, 4, 41, 7, 8, 2, 12, 1, 15, 1, 1,
41, 12, 50, 46, 1768, 32, 27, 3, 23, 19, 2, 421, 24, 7, 8, 1, 13, 1, 16, 1, 1,
40, 10, 44, 49, 781, 32, 28, 4, 23, 19, 4, 3, 63, 7, 9, 2, 14, 1, 15, 1, 1,
42, 18, 50, 46, 1924, 33, 24, 4, 22, 19, 3, 421, 27, 7, 8, 1, 14, 1, 16, 1, 2,
43, 12, 44, 49, 2121, 32, 27, 4, 23, 19, 2, 2, 30, 7, 10, 2, 14, 1, 16, 1, 1,
43, 12, 50, 52, 701, 32, 27, 4, 20, 19, 2, 421, 40, 7, 10, 1, 13, 1, 16, 1, 1,
42, 12, 50, 36, 639, 32, 27, 4, 23, 19, 2, 4, 30, 7, 10, 1, 14, 1, 16, 1, 2,
42, 12, 44, 47, 1860, 32, 25, 4, 23, 19, 2, 4, 34, 7, 10, 2, 12, 1, 15, 1, 1,
43, 12, 44, 49, 3499, 32, 27, 3, 22, 17, 2, 421, 29, 7, 10, 2, 14, 1, 16, 1, 2,
42, 48, 50, 49, 8487, 33, 26, 1, 22, 19, 2, 4, 24, 7, 10, 1, 14, 1, 16, 1, 1,
43, 36, 51, 45, 6887, 32, 27, 4, 23, 19, 3, 2, 29, 5, 10, 1, 14, 1, 15, 1, 2,
41, 15, 50, 46, 2708, 32, 24, 2, 23, 19, 3, 2, 27, 6, 10, 2, 13, 1, 16, 1, 1,
41, 18, 50, 46, 1984, 32, 27, 4, 23, 19, 4, 3, 47, 6, 9, 2, 14, 1, 16, 1, 1,
41, 60, 50, 52, 10144, 29, 26, 2, 22, 19, 4, 421, 21, 7, 10, 1, 14, 1, 15, 1, 1,
41, 12, 44, 52, 1240, 33, 28, 4, 22, 19, 2, 421, 38, 7, 10, 2, 14, 1, 15, 1, 1,
41, 27, 51, 47, 8613, 30, 27, 2, 23, 19, 2, 4, 27, 7, 10, 2, 14, 1, 16, 1, 1,
42, 15, 44, 52, 2728, 33, 26, 4, 23, 18, 2, 421, 35, 6, 10, 3, 14, 1, 15, 1, 1,
40, 12, 50, 52, 1881, 32, 27, 2, 22, 19, 2, 4, 44, 7, 8, 1, 13, 1, 15, 1, 1,
40, 6, 50, 49, 709, 30, 24, 2, 20, 19, 2, 421, 27, 7, 10, 1, 11, 1, 16, 0, 1,
42, 36, 50, 52, 4795, 32, 24, 4, 22, 19, 1, 3, 30, 7, 10, 1, 12, 1, 15, 1, 1,
43, 27, 50, 52, 3416, 32, 27, 3, 23, 19, 2, 4, 27, 7, 10, 1, 12, 1, 16, 1, 1,
43, 18, 50, 46, 2462, 32, 27, 2, 23, 19, 2, 4, 22, 7, 10, 1, 14, 1, 16, 1, 2,
41, 21, 44, 46, 2288, 32, 24, 4, 22, 19, 4, 2, 23, 7, 10, 1, 14, 1, 15, 1, 1,
42, 48, 38, 39, 3566, 29, 26, 4, 23, 19, 2, 4, 30, 7, 10, 1, 14, 1, 16, 1, 1,
43, 6, 44, 49, 860, 32, 28, 1, 22, 19, 4, 3, 39, 7, 10, 2, 14, 1, 15, 1, 1,
41, 12, 44, 49, 682, 29, 26, 4, 22, 19, 3, 4, 51, 7, 10, 2, 14, 1, 15, 1, 1,
43, 36, 44, 46, 5371, 32, 27, 3, 23, 18, 2, 2, 28, 7, 10, 2, 14, 1, 16, 1, 1,
41, 18, 44, 52, 1582, 30, 28, 4, 23, 19, 4, 4, 46, 7, 10, 2, 14, 1, 16, 1, 1,
41, 6, 50, 52, 1346, 29, 28, 2, 23, 19, 4, 3, 42, 6, 9, 1, 14, 2, 15, 1, 1,
41, 10, 50, 52, 1924, 32, 27, 1, 23, 19, 4, 2, 38, 7, 10, 1, 14, 1, 15, 0, 1,
40, 36, 50, 52, 5848, 32, 27, 4, 23, 19, 1, 4, 24, 7, 10, 1, 14, 1, 16, 1, 1,
42, 24, 44, 47, 7758, 30, 28, 2, 22, 19, 4, 3, 29, 7, 8, 1, 14, 1, 16, 1, 1,
42, 24, 51, 39, 6967, 29, 26, 4, 23, 19, 4, 4, 36, 7, 8, 1, 12, 1, 15, 1, 1,
43, 12, 50, 46, 1282, 32, 27, 2, 22, 19, 4, 4, 20, 7, 8, 1, 14, 1, 16, 1, 2,
43, 9, 44, 36, 1288, 29, 28, 3, 23, 18, 4, 421, 48, 7, 10, 2, 14, 2, 16, 0, 1,
42, 24, 50, 49, 3512, 29, 26, 2, 23, 19, 3, 4, 38, 6, 10, 2, 14, 1, 15, 1, 1,
41, 6, 44, 52, 1898, 33, 27, 1, 23, 19, 2, 421, 34, 7, 10, 2, 13, 2, 16, 1, 1,
41, 18, 44, 49, 1055, 32, 24, 4, 22, 19, 1, 2, 30, 7, 10, 2, 14, 1, 16, 1, 1,
41, 15, 50, 37, 1262, 31, 26, 4, 23, 19, 3, 2, 36, 7, 10, 2, 14, 1, 15, 1, 1,
42, 10, 50, 49, 7308, 32, 25, 2, 23, 19, 4, 3, 70, 6, 9, 1, 12, 1, 15, 1, 1,
41, 36, 50, 49, 909, 31, 28, 4, 23, 19, 4, 2, 36, 7, 10, 1, 14, 1, 16, 1, 1,
43, 18, 50, 46, 1131, 32, 25, 4, 22, 19, 2, 4, 33, 7, 10, 1, 14, 1, 16, 1, 2,
42, 11, 50, 46, 1577, 30, 24, 4, 22, 19, 1, 421, 20, 7, 10, 1, 14, 1, 16, 1, 1,
42, 24, 44, 39, 1935, 32, 28, 4, 21, 19, 4, 421, 31, 7, 10, 2, 14, 1, 15, 1, 2,
43, 15, 48, 49, 950, 32, 28, 4, 23, 19, 3, 4, 33, 7, 8, 2, 14, 2, 16, 1, 2,
41, 12, 50, 46, 763, 32, 27, 4, 22, 19, 1, 421, 26, 7, 10, 1, 14, 1, 15, 1, 1,
42, 24, 51, 46, 2064, 32, 25, 3, 22, 19, 2, 2, 34, 7, 10, 1, 12, 1, 15, 1, 2,
42, 8, 50, 52, 1414, 32, 27, 4, 23, 18, 2, 421, 33, 7, 10, 1, 14, 1, 16, 0, 1,
43, 21, 51, 45, 3414, 32, 24, 2, 23, 19, 1, 2, 26, 7, 10, 2, 14, 1, 16, 1, 2,
41, 30, 38, 47, 7485, 33, 25, 4, 22, 19, 1, 421, 53, 6, 10, 1, 12, 1, 15, 1, 2,
43, 12, 50, 46, 2577, 32, 27, 2, 21, 19, 1, 4, 42, 7, 10, 1, 14, 1, 16, 1, 1,
41, 12, 50, 52, 1963, 32, 26, 4, 23, 19, 2, 4, 31, 7, 8, 2, 12, 2, 15, 1, 1,
43, 21, 44, 49, 571, 32, 28, 4, 23, 19, 4, 421, 65, 7, 10, 2, 14, 1, 16, 1, 1,
42, 36, 51, 39, 4455, 32, 27, 2, 21, 19, 2, 421, 30, 5, 10, 2, 12, 1, 15, 1, 2,
43, 21, 38, 49, 1647, 33, 27, 4, 23, 19, 2, 2, 40, 7, 10, 2, 13, 2, 16, 1, 2,
41, 24, 44, 46, 3777, 30, 27, 4, 23, 19, 4, 421, 50, 7, 10, 1, 14, 1, 15, 1, 1,
42, 18, 44, 49, 884, 32, 28, 4, 23, 19, 4, 4, 36, 6, 10, 1, 14, 2, 15, 1, 2,
41, 15, 44, 52, 1360, 32, 27, 4, 23, 19, 2, 2, 31, 7, 10, 2, 14, 1, 16, 1, 1,
42, 9, 38, 47, 5129, 32, 28, 2, 22, 19, 4, 3, 74, 6, 9, 1, 12, 2, 15, 1, 2,
41, 24, 50, 39, 4591, 30, 27, 2, 23, 19, 3, 2, 54, 7, 10, 3, 12, 1, 15, 1, 2,
42, 48, 48, 39, 3844, 29, 26, 4, 23, 19, 4, 3, 34, 7, 9, 1, 13, 2, 16, 1, 2,
42, 27, 50, 39, 3915, 32, 27, 4, 23, 19, 2, 4, 36, 7, 10, 1, 14, 2, 15, 1, 2,
41, 6, 50, 52, 2108, 32, 26, 2, 20, 19, 2, 421, 29, 7, 8, 1, 14, 1, 16, 1, 1,
42, 45, 50, 52, 3031, 29, 27, 4, 23, 18, 4, 2, 21, 7, 8, 1, 14, 1, 16, 1, 2,
42, 9, 44, 45, 1501, 32, 28, 2, 22, 19, 3, 4, 34, 7, 10, 2, 12, 1, 15, 1, 2,
42, 12, 50, 46, 951, 29, 24, 4, 22, 19, 4, 4, 27, 6, 8, 4, 14, 1, 16, 1, 2,
42, 24, 50, 47, 2760, 33, 28, 4, 23, 19, 4, 3, 36, 6, 9, 1, 14, 1, 15, 1, 1,
42, 18, 51, 46, 4297, 32, 28, 4, 21, 19, 3, 3, 40, 7, 10, 1, 12, 1, 15, 1, 2,
43, 12, 50, 49, 1168, 32, 27, 4, 20, 19, 3, 421, 27, 7, 10, 1, 13, 1, 16, 1, 1,
41, 27, 51, 39, 5117, 32, 26, 3, 23, 19, 4, 4, 26, 7, 10, 2, 14, 1, 16, 1, 1,
41, 12, 44, 49, 1495, 32, 28, 4, 23, 19, 1, 421, 38, 7, 10, 2, 13, 2, 16, 1, 1,
43, 30, 44, 47, 10623, 32, 28, 3, 23, 19, 4, 3, 38, 7, 9, 3, 12, 2, 15, 1, 1,
41, 12, 44, 46, 1935, 32, 28, 4, 23, 19, 4, 421, 43, 7, 10, 3, 14, 1, 15, 1, 1,
42, 12, 44, 37, 1424, 32, 26, 4, 23, 19, 3, 2, 26, 7, 10, 1, 14, 1, 16, 1, 1,
43, 24, 50, 39, 6568, 32, 27, 2, 20, 19, 2, 4, 21, 5, 10, 1, 13, 1, 16, 1, 1,
41, 9, 44, 52, 3074, 33, 27, 1, 23, 19, 2, 421, 33, 7, 10, 2, 14, 2, 16, 1, 1,
41, 36, 50, 52, 3835, 33, 28, 2, 22, 19, 4, 421, 45, 7, 10, 1, 13, 1, 15, 1, 1,
43, 27, 48, 39, 5293, 32, 25, 2, 23, 19, 4, 2, 50, 5, 10, 2, 14, 1, 15, 1, 2,
40, 30, 51, 39, 1908, 32, 28, 4, 23, 19, 4, 421, 66, 7, 10, 1, 12, 1, 15, 1, 2,
41, 36, 44, 52, 3342, 33, 28, 4, 23, 19, 2, 4, 51, 7, 10, 1, 14, 1, 15, 1, 1,
42, 6, 44, 35, 932, 33, 26, 1, 22, 19, 3, 2, 39, 7, 10, 2, 13, 1, 16, 1, 1,
43, 18, 48, 39, 3104, 32, 26, 3, 23, 19, 1, 2, 31, 6, 10, 1, 14, 1, 15, 1, 1,
40, 36, 50, 52, 3913, 32, 27, 2, 23, 19, 2, 421, 23, 7, 10, 1, 14, 1, 15, 1, 1,
43, 24, 50, 46, 3021, 32, 27, 2, 21, 19, 2, 421, 24, 7, 8, 1, 13, 1, 16, 1, 1,
41, 10, 50, 49, 1364, 32, 27, 2, 22, 19, 4, 4, 64, 7, 10, 1, 14, 1, 15, 1, 1,
42, 12, 50, 52, 625, 32, 24, 4, 20, 18, 1, 421, 26, 6, 10, 1, 13, 1, 16, 1, 1,
43, 12, 50, 45, 1200, 33, 27, 4, 22, 19, 4, 2, 23, 6, 8, 1, 14, 1, 15, 1, 1,
41, 12, 50, 52, 707, 32, 27, 4, 23, 19, 2, 421, 30, 6, 10, 2, 14, 1, 16, 1, 1,
41, 24, 51, 39, 2978, 33, 27, 4, 23, 19, 4, 421, 32, 7, 10, 2, 14, 2, 15, 1, 1,
41, 36, 48, 36, 2613, 32, 27, 4, 23, 19, 2, 4, 27, 7, 10, 2, 14, 1, 16, 1, 1,
42, 48, 50, 52, 10961, 30, 26, 1, 23, 17, 2, 3, 27, 6, 10, 2, 14, 1, 15, 1, 2,
43, 12, 50, 46, 7865, 32, 28, 4, 23, 19, 4, 3, 53, 7, 9, 1, 12, 1, 15, 1, 2,
43, 24, 50, 46, 3149, 32, 24, 4, 23, 19, 1, 3, 22, 6, 9, 1, 14, 1, 16, 1, 1,
40, 36, 50, 52, 4210, 32, 27, 4, 23, 19, 2, 4, 26, 7, 10, 1, 14, 1, 16, 1, 2,
41, 12, 50, 52, 2141, 29, 26, 3, 23, 19, 1, 3, 35, 7, 10, 1, 14, 1, 16, 1, 1,
42, 18, 50, 52, 866, 32, 27, 4, 20, 18, 2, 421, 25, 7, 10, 1, 13, 1, 16, 1, 1,
41, 4, 44, 52, 1544, 32, 26, 2, 23, 19, 1, 421, 42, 7, 10, 3, 13, 2, 16, 1, 1,
43, 24, 50, 52, 1823, 32, 25, 4, 23, 19, 2, 4, 30, 5, 10, 1, 12, 2, 16, 1, 2,
42, 6, 50, 49, 14555, 33, 25, 1, 23, 19, 2, 2, 23, 7, 10, 1, 11, 1, 15, 1, 2,
42, 21, 50, 39, 2767, 29, 28, 4, 21, 19, 2, 4, 61, 6, 8, 2, 13, 1, 16, 1, 2,
41, 12, 44, 52, 1291, 32, 27, 4, 22, 19, 2, 2, 35, 7, 10, 2, 14, 1, 16, 1, 1,
43, 30, 50, 52, 2522, 32, 28, 1, 23, 18, 3, 2, 39, 7, 10, 1, 14, 2, 16, 1, 1,
41, 6, 50, 52, 1595, 32, 26, 3, 23, 19, 2, 2, 51, 7, 10, 1, 14, 2, 16, 1, 1,
43, 48, 48, 47, 4605, 32, 28, 3, 23, 19, 4, 3, 24, 7, 9, 2, 14, 2, 16, 1, 2,
41, 12, 38, 35, 3447, 31, 27, 4, 22, 19, 3, 421, 35, 7, 10, 1, 13, 2, 16, 1, 1,
41, 24, 50, 39, 1258, 32, 26, 4, 23, 19, 1, 421, 25, 7, 10, 1, 14, 1, 15, 1, 1,
41, 12, 44, 52, 717, 32, 28, 4, 23, 19, 4, 421, 52, 7, 10, 3, 14, 1, 16, 1, 1,
41, 6, 48, 49, 1204, 29, 27, 4, 23, 19, 1, 3, 35, 6, 8, 1, 14, 1, 16, 0, 1,
40, 24, 50, 46, 1925, 32, 27, 2, 23, 19, 2, 421, 26, 7, 10, 1, 14, 1, 16, 1, 1,
41, 18, 50, 52, 433, 32, 25, 3, 22, 17, 4, 421, 22, 7, 8, 1, 14, 1, 16, 1, 2,
43, 6, 44, 49, 666, 30, 26, 3, 22, 19, 4, 421, 39, 7, 10, 2, 13, 1, 15, 1, 1,
40, 12, 50, 46, 2251, 32, 27, 1, 22, 19, 2, 4, 46, 7, 10, 1, 13, 1, 16, 1, 1,
42, 30, 50, 49, 2150, 32, 27, 4, 22, 18, 2, 3, 24, 6, 10, 1, 14, 1, 16, 1, 2,
41, 24, 51, 46, 4151, 29, 27, 2, 23, 19, 3, 2, 35, 7, 10, 2, 14, 1, 16, 1, 1,
42, 60, 51, 52, 7418, 33, 27, 1, 23, 19, 1, 421, 27, 7, 10, 1, 13, 1, 16, 1, 1,
41, 24, 44, 52, 2684, 32, 27, 4, 23, 19, 2, 421, 35, 7, 10, 2, 13, 1, 16, 1, 1,
43, 12, 38, 52, 2149, 32, 27, 4, 21, 19, 1, 3, 29, 7, 9, 1, 14, 1, 16, 1, 2,
41, 15, 50, 47, 3812, 29, 24, 1, 22, 19, 4, 4, 23, 7, 10, 1, 14, 1, 15, 1, 1,
41, 11, 44, 52, 1154, 29, 25, 4, 22, 19, 4, 421, 57, 7, 10, 3, 13, 1, 16, 1, 1,
43, 12, 50, 46, 1657, 32, 27, 2, 23, 19, 2, 421, 27, 7, 10, 1, 14, 1, 16, 1, 1,
43, 24, 50, 52, 1603, 32, 28, 4, 22, 19, 4, 4, 55, 7, 10, 1, 14, 1, 16, 1, 1,
43, 18, 44, 49, 5302, 32, 28, 2, 23, 19, 4, 3, 36, 7, 9, 3, 12, 1, 15, 1, 1,
41, 12, 44, 45, 2748, 32, 28, 2, 22, 19, 4, 3, 57, 6, 9, 3, 13, 1, 16, 1, 1,
42, 15, 50, 52, 802, 32, 28, 4, 23, 19, 3, 4, 37, 7, 10, 1, 14, 2, 16, 1, 2,
41, 36, 44, 39, 6304, 33, 28, 4, 23, 19, 4, 421, 36, 7, 10, 2, 14, 1, 16, 1, 1,
41, 24, 50, 52, 1533, 32, 24, 4, 22, 19, 3, 4, 38, 5, 10, 1, 14, 1, 15, 1, 1,
43, 14, 50, 49, 8978, 32, 28, 1, 21, 19, 4, 2, 45, 7, 10, 1, 12, 1, 15, 0, 2,
41, 24, 50, 52, 999, 33, 28, 4, 23, 19, 2, 4, 25, 7, 10, 2, 14, 1, 16, 1, 1,
41, 18, 50, 49, 2662, 33, 26, 4, 23, 19, 3, 2, 32, 7, 10, 1, 14, 1, 16, 0, 1,
41, 12, 44, 46, 1402, 31, 26, 3, 22, 19, 4, 4, 37, 7, 8, 1, 14, 1, 15, 1, 1,
42, 48, 50, 52, 3060, 32, 26, 4, 23, 19, 4, 421, 28, 7, 10, 2, 14, 1, 16, 1, 2,
43, 30, 50, 36, 11998, 32, 24, 1, 21, 19, 1, 3, 34, 7, 10, 1, 13, 1, 15, 1, 2,
41, 9, 50, 52, 2697, 32, 27, 1, 23, 19, 2, 421, 32, 7, 10, 1, 14, 2, 16, 1, 1,
41, 18, 44, 52, 2404, 32, 27, 2, 22, 19, 2, 4, 26, 7, 10, 2, 14, 1, 16, 1, 1,
41, 6, 50, 46, 4611, 32, 24, 1, 22, 19, 4, 2, 32, 7, 10, 1, 14, 1, 16, 1, 2,
41, 15, 44, 47, 3368, 30, 28, 3, 23, 19, 4, 3, 23, 7, 8, 2, 14, 1, 15, 1, 1,
41, 12, 50, 46, 1574, 32, 27, 4, 23, 19, 2, 421, 50, 7, 10, 1, 14, 1, 16, 1, 1,
40, 18, 38, 52, 1445, 33, 26, 4, 23, 19, 4, 4, 49, 6, 10, 1, 13, 1, 16, 1, 1,
41, 15, 44, 46, 1520, 33, 28, 4, 23, 19, 4, 2, 63, 7, 10, 1, 14, 1, 16, 1, 1,
42, 24, 44, 49, 3878, 29, 24, 4, 21, 19, 2, 4, 37, 7, 10, 1, 14, 1, 15, 1, 1,
43, 47, 50, 49, 10722, 32, 24, 1, 22, 19, 1, 421, 35, 7, 10, 1, 13, 1, 15, 1, 1,
43, 48, 50, 47, 4788, 32, 26, 4, 23, 19, 3, 2, 26, 7, 10, 1, 14, 2, 16, 1, 1,
42, 48, 51, 34, 7582, 29, 25, 2, 23, 19, 4, 3, 31, 7, 9, 1, 12, 1, 15, 1, 1,
42, 12, 50, 52, 1092, 32, 27, 4, 22, 18, 4, 421, 49, 7, 10, 2, 14, 1, 15, 1, 1,
43, 24, 51, 52, 1024, 32, 24, 4, 20, 19, 4, 421, 48, 5, 10, 1, 14, 1, 16, 1, 2,
41, 12, 50, 39, 1076, 32, 27, 2, 20, 19, 2, 421, 26, 7, 10, 1, 14, 1, 15, 0, 1,
42, 36, 50, 47, 9398, 32, 24, 1, 20, 19, 4, 4, 28, 7, 8, 1, 12, 1, 15, 1, 2,
43, 24, 44, 47, 6419, 32, 28, 2, 22, 19, 4, 3, 44, 7, 9, 2, 12, 2, 15, 1, 1,
40, 42, 44, 47, 4796, 32, 28, 4, 23, 19, 4, 3, 56, 7, 9, 1, 14, 1, 16, 1, 1,
41, 48, 44, 39, 7629, 33, 28, 4, 21, 19, 2, 4, 46, 6, 10, 2, 12, 2, 16, 1, 1,
42, 48, 50, 46, 9960, 32, 24, 1, 22, 19, 2, 4, 26, 7, 10, 1, 14, 1, 15, 1, 2,
41, 12, 50, 47, 4675, 33, 24, 1, 22, 19, 4, 4, 20, 7, 8, 1, 14, 1, 16, 1, 1,
41, 10, 50, 49, 1287, 33, 28, 4, 23, 17, 2, 2, 45, 7, 10, 1, 13, 1, 16, 0, 1,
41, 18, 50, 46, 2515, 32, 27, 3, 23, 19, 4, 421, 43, 7, 10, 1, 14, 1, 15, 1, 1,
41, 6, 50, 49, 672, 32, 25, 1, 22, 19, 4, 421, 54, 7, 10, 1, 11, 1, 15, 1, 1,
42, 36, 48, 52, 3804, 32, 27, 4, 22, 19, 1, 4, 42, 7, 10, 1, 14, 1, 15, 1, 2,
40, 24, 44, 49, 1344, 33, 26, 4, 23, 19, 2, 421, 37, 6, 10, 2, 13, 2, 16, 1, 2,
43, 10, 44, 49, 1038, 32, 26, 4, 23, 17, 3, 2, 49, 7, 10, 2, 14, 1, 15, 1, 1,
41, 48, 44, 49, 10127, 31, 27, 2, 23, 19, 2, 3, 44, 6, 9, 1, 14, 1, 16, 1, 2,
41, 6, 50, 46, 1543, 30, 27, 4, 21, 19, 2, 421, 33, 7, 10, 1, 14, 1, 16, 1, 1,
41, 30, 50, 47, 4811, 33, 26, 2, 22, 19, 4, 2, 24, 5, 8, 1, 13, 1, 16, 1, 1,
43, 12, 50, 52, 727, 29, 24, 4, 20, 19, 3, 3, 33, 7, 10, 1, 13, 1, 15, 1, 2,
42, 9, 50, 49, 276, 32, 27, 4, 20, 19, 4, 421, 22, 7, 8, 1, 13, 1, 16, 1, 1,
42, 48, 50, 34, 5381, 33, 25, 3, 23, 19, 4, 3, 40, 6, 9, 1, 11, 1, 15, 1, 1,
40, 24, 50, 46, 3749, 32, 24, 2, 22, 19, 4, 4, 26, 7, 10, 1, 14, 1, 16, 1, 1,
42, 12, 50, 49, 685, 32, 26, 2, 20, 19, 3, 4, 25, 6, 10, 1, 13, 1, 16, 1, 2,
40, 4, 50, 49, 1494, 33, 24, 1, 23, 19, 2, 421, 29, 7, 10, 1, 13, 2, 16, 0, 1,
43, 36, 38, 46, 2746, 32, 28, 4, 23, 19, 4, 4, 31, 6, 10, 1, 14, 1, 16, 1, 2,
43, 12, 50, 46, 708, 32, 27, 2, 23, 18, 3, 2, 38, 7, 10, 1, 13, 2, 16, 1, 1,
42, 24, 50, 46, 4351, 33, 27, 1, 22, 19, 4, 2, 48, 7, 10, 1, 13, 1, 15, 1, 1,
41, 12, 44, 45, 701, 32, 27, 4, 23, 19, 2, 4, 32, 7, 10, 2, 14, 1, 16, 1, 1,
43, 15, 51, 46, 3643, 32, 28, 1, 22, 19, 4, 2, 27, 7, 10, 2, 13, 1, 16, 1, 1,
42, 30, 44, 49, 4249, 32, 25, 4, 20, 19, 2, 4, 28, 7, 10, 2, 12, 1, 16, 1, 2,
43, 24, 50, 52, 1938, 32, 24, 4, 21, 19, 3, 2, 32, 7, 10, 1, 14, 1, 16, 1, 2,
43, 24, 50, 47, 2910, 32, 26, 2, 23, 19, 1, 3, 34, 7, 9, 1, 12, 1, 15, 1, 1,
43, 18, 50, 46, 2659, 30, 27, 4, 23, 19, 2, 4, 28, 7, 10, 1, 14, 1, 16, 1, 1,
43, 8, 44, 49, 3398, 32, 26, 1, 23, 19, 4, 421, 39, 7, 10, 2, 13, 1, 16, 0, 1,
41, 12, 44, 46, 5801, 33, 28, 2, 23, 19, 4, 2, 49, 7, 8, 1, 14, 1, 15, 1, 1,
41, 24, 50, 49, 1525, 30, 26, 4, 22, 19, 3, 4, 34, 7, 10, 1, 14, 2, 15, 1, 1,
40, 36, 50, 52, 4473, 32, 28, 4, 23, 19, 2, 4, 31, 7, 10, 1, 14, 1, 16, 1, 1,
42, 6, 50, 52, 1068, 32, 28, 4, 23, 19, 4, 4, 28, 7, 10, 1, 14, 2, 16, 1, 1,
43, 24, 44, 47, 6615, 32, 25, 2, 23, 19, 4, 3, 75, 7, 9, 2, 12, 1, 15, 1, 1,
41, 18, 44, 45, 1864, 29, 27, 4, 22, 19, 2, 421, 30, 7, 10, 2, 14, 1, 16, 1, 2,
42, 60, 50, 49, 7408, 29, 24, 4, 22, 19, 2, 2, 24, 7, 10, 1, 12, 1, 16, 1, 2,
41, 48, 44, 47, 11590, 29, 27, 2, 22, 19, 4, 4, 24, 6, 8, 2, 13, 1, 16, 1, 2,
43, 24, 48, 46, 4110, 32, 28, 3, 23, 19, 4, 3, 23, 6, 8, 2, 14, 2, 16, 1, 2,
43, 6, 44, 46, 3384, 32, 27, 1, 21, 19, 4, 421, 44, 7, 8, 1, 12, 1, 15, 1, 2,
42, 13, 50, 52, 2101, 32, 24, 2, 22, 18, 4, 2, 23, 7, 10, 1, 13, 1, 16, 1, 1,
43, 15, 50, 37, 1275, 33, 27, 4, 22, 19, 2, 4, 24, 7, 8, 1, 14, 1, 16, 1, 2,
43, 24, 50, 46, 4169, 32, 27, 4, 23, 19, 4, 2, 28, 7, 10, 1, 14, 1, 16, 1, 1,
42, 10, 50, 46, 1521, 32, 27, 4, 21, 19, 2, 4, 31, 7, 10, 1, 13, 1, 16, 1, 1,
42, 24, 44, 45, 5743, 32, 24, 2, 22, 19, 4, 3, 24, 7, 9, 2, 14, 1, 15, 1, 1,
43, 21, 50, 46, 3599, 32, 26, 1, 22, 19, 4, 4, 26, 7, 8, 1, 13, 1, 16, 1, 1,
42, 18, 50, 52, 3213, 31, 24, 1, 20, 19, 3, 421, 25, 7, 8, 1, 14, 1, 16, 1, 1,
42, 18, 50, 39, 4439, 32, 28, 1, 23, 17, 1, 421, 33, 6, 10, 1, 12, 1, 15, 1, 1,
40, 10, 50, 49, 3949, 32, 24, 1, 23, 18, 1, 2, 37, 7, 10, 1, 13, 2, 16, 1, 1,
41, 15, 44, 52, 1459, 32, 27, 4, 22, 19, 2, 4, 43, 7, 10, 1, 13, 1, 16, 1, 1,
42, 24, 50, 52, 3758, 31, 25, 1, 22, 19, 4, 3, 23, 7, 8, 1, 11, 1, 16, 1, 1,
41, 6, 51, 39, 1743, 29, 27, 1, 23, 19, 2, 421, 34, 7, 10, 2, 13, 1, 16, 1, 1,
42, 9, 44, 45, 1136, 30, 28, 4, 23, 19, 3, 3, 32, 7, 9, 2, 14, 2, 16, 1, 2,
41, 9, 50, 37, 1236, 32, 24, 1, 22, 19, 4, 421, 23, 7, 8, 1, 14, 1, 15, 1, 1,
42, 9, 50, 46, 959, 32, 27, 1, 22, 19, 2, 4, 29, 7, 10, 1, 14, 1, 16, 0, 2,
41, 18, 44, 47, 3229, 33, 25, 2, 23, 19, 4, 3, 38, 7, 10, 1, 12, 1, 15, 1, 1,
41, 10, 50, 45, 727, 31, 28, 4, 23, 19, 4, 3, 46, 7, 9, 1, 14, 1, 15, 1, 1,
42, 24, 50, 49, 1246, 32, 24, 4, 23, 19, 2, 421, 23, 5, 10, 1, 13, 1, 16, 1, 2,
41, 12, 44, 52, 2331, 33, 28, 1, 23, 17, 4, 421, 49, 7, 10, 1, 14, 1, 15, 1, 1,
41, 36, 51, 52, 4463, 32, 27, 4, 23, 19, 2, 4, 26, 7, 10, 2, 12, 1, 15, 1, 2,
41, 12, 50, 52, 776, 32, 27, 4, 20, 19, 2, 421, 28, 7, 10, 1, 14, 1, 16, 1, 1,
43, 30, 50, 46, 2406, 32, 26, 4, 22, 19, 4, 421, 23, 7, 8, 1, 14, 1, 16, 1, 2,
42, 18, 50, 45, 1239, 33, 27, 4, 23, 19, 4, 3, 61, 7, 9, 1, 14, 1, 16, 1, 1,
40, 12, 50, 52, 3399, 33, 28, 2, 23, 19, 3, 4, 37, 7, 10, 1, 12, 1, 16, 1, 1,
41, 6, 50, 46, 1766, 32, 27, 1, 20, 19, 2, 2, 21, 7, 8, 1, 14, 1, 16, 1, 1,
43, 18, 50, 46, 2473, 32, 25, 4, 23, 19, 1, 4, 25, 7, 10, 1, 11, 1, 16, 1, 2,
41, 12, 50, 39, 1542, 32, 26, 2, 23, 19, 4, 4, 36, 7, 10, 1, 14, 1, 15, 1, 1,
41, 18, 44, 47, 3850, 32, 26, 3, 23, 19, 1, 4, 27, 7, 10, 2, 14, 1, 16, 1, 1,
43, 18, 50, 46, 3650, 32, 24, 1, 22, 19, 4, 4, 22, 7, 8, 1, 14, 1, 16, 1, 1,
43, 36, 50, 46, 3446, 32, 28, 4, 23, 19, 2, 4, 42, 7, 10, 1, 14, 2, 16, 1, 2,
42, 18, 50, 46, 3001, 32, 26, 2, 22, 19, 4, 421, 40, 7, 8, 1, 14, 1, 16, 1, 1,
41, 18, 44, 52, 6070, 32, 28, 3, 23, 19, 4, 4, 33, 7, 10, 2, 14, 1, 15, 1, 1,
41, 10, 44, 46, 2146, 32, 24, 1, 22, 19, 3, 421, 23, 7, 8, 2, 14, 1, 16, 1, 1,
43, 48, 38, 39, 7685, 32, 26, 2, 22, 18, 4, 4, 37, 7, 8, 1, 14, 1, 16, 1, 2,
41, 18, 51, 52, 2320, 32, 25, 2, 20, 19, 3, 421, 34, 7, 10, 2, 14, 1, 16, 1, 1,
41, 7, 51, 52, 846, 33, 28, 3, 23, 19, 4, 3, 36, 7, 9, 1, 14, 1, 16, 1, 1,
42, 36, 50, 49, 14318, 32, 28, 4, 23, 19, 2, 3, 57, 7, 9, 1, 12, 1, 15, 1, 2,
41, 6, 44, 49, 362, 29, 27, 4, 22, 19, 4, 4, 52, 7, 10, 2, 13, 1, 16, 1, 1,
43, 20, 50, 46, 2212, 33, 26, 4, 23, 19, 4, 4, 39, 7, 10, 1, 14, 1, 15, 1, 1,
42, 18, 50, 47, 12976, 32, 25, 3, 22, 19, 4, 3, 38, 7, 9, 1, 12, 1, 15, 1, 2,
41, 22, 50, 49, 1283, 33, 26, 4, 22, 19, 4, 2, 25, 7, 8, 1, 14, 1, 16, 1, 1,
41, 30, 51, 39, 4272, 29, 27, 2, 23, 19, 2, 2, 26, 7, 10, 2, 13, 1, 16, 1, 1,
41, 18, 44, 52, 2238, 32, 27, 2, 22, 19, 1, 4, 25, 7, 10, 2, 14, 1, 16, 1, 1,
41, 18, 50, 52, 1126, 33, 24, 4, 22, 19, 2, 421, 21, 7, 8, 1, 14, 1, 15, 1, 1,
42, 18, 44, 46, 7374, 32, 25, 4, 23, 19, 4, 2, 40, 5, 10, 2, 12, 1, 15, 1, 1,
41, 18, 50, 49, 1820, 32, 27, 2, 20, 19, 2, 2, 30, 7, 10, 1, 12, 1, 15, 1, 1,
42, 12, 50, 46, 983, 30, 24, 1, 22, 19, 4, 421, 19, 7, 8, 1, 13, 1, 16, 1, 1,
43, 36, 50, 49, 3249, 32, 26, 2, 23, 19, 4, 3, 39, 6, 9, 1, 12, 2, 15, 1, 1,
43, 6, 44, 52, 1957, 32, 26, 1, 22, 19, 4, 4, 31, 7, 10, 1, 14, 1, 16, 1, 1,
41, 9, 44, 46, 2406, 32, 25, 2, 23, 19, 3, 4, 31, 7, 10, 1, 12, 1, 16, 1, 1,
42, 39, 51, 45, 11760, 29, 26, 2, 23, 19, 3, 3, 32, 7, 8, 1, 14, 1, 15, 1, 1,
43, 12, 50, 46, 2578, 32, 25, 3, 22, 19, 4, 3, 55, 7, 9, 1, 12, 1, 16, 1, 1,
43, 36, 44, 46, 2348, 32, 27, 3, 20, 19, 2, 2, 46, 7, 10, 2, 14, 1, 15, 1, 1,
42, 12, 50, 49, 1223, 32, 28, 1, 21, 19, 1, 421, 46, 7, 8, 2, 14, 1, 16, 1, 2,
41, 24, 44, 52, 1516, 30, 27, 4, 22, 19, 1, 421, 43, 7, 10, 2, 13, 1, 16, 1, 1,
41, 18, 50, 52, 1473, 32, 24, 3, 20, 19, 4, 421, 39, 7, 10, 1, 14, 1, 15, 1, 1,
42, 18, 44, 39, 1887, 33, 27, 4, 20, 19, 4, 421, 28, 6, 10, 2, 14, 1, 16, 1, 1,
41, 24, 51, 39, 8648, 32, 24, 2, 23, 19, 2, 4, 27, 6, 10, 2, 14, 1, 15, 1, 2,
41, 14, 51, 49, 802, 32, 27, 4, 23, 19, 2, 4, 27, 7, 10, 2, 13, 1, 16, 1, 1,
42, 18, 51, 49, 2899, 33, 28, 4, 23, 19, 4, 4, 43, 7, 10, 1, 14, 2, 16, 1, 1,
42, 24, 50, 52, 2039, 32, 24, 1, 20, 19, 1, 2, 22, 7, 10, 1, 14, 1, 15, 1, 2,
41, 24, 44, 47, 2197, 33, 26, 4, 23, 19, 4, 4, 43, 7, 10, 2, 14, 2, 15, 1, 1,
43, 15, 50, 52, 1053, 32, 24, 4, 20, 19, 2, 421, 27, 7, 10, 1, 14, 1, 16, 0, 1,
41, 24, 50, 52, 3235, 31, 28, 3, 21, 19, 2, 4, 26, 7, 10, 1, 12, 1, 15, 1, 1,
40, 12, 44, 49, 939, 31, 26, 4, 20, 19, 2, 421, 28, 7, 10, 3, 14, 1, 15, 1, 2,
42, 24, 50, 52, 1967, 32, 28, 4, 22, 19, 4, 4, 20, 7, 10, 1, 14, 1, 15, 1, 1,
41, 33, 44, 47, 7253, 32, 26, 3, 23, 19, 2, 4, 35, 7, 10, 2, 12, 1, 15, 1, 1,
41, 12, 44, 39, 2292, 32, 25, 4, 23, 19, 2, 4, 42, 5, 10, 2, 12, 1, 15, 1, 2,
41, 10, 50, 49, 1597, 31, 27, 3, 23, 19, 2, 3, 40, 7, 8, 1, 13, 2, 16, 0, 1,
43, 24, 50, 49, 1381, 33, 27, 4, 22, 19, 2, 2, 35, 7, 10, 1, 14, 1, 16, 1, 2,
41, 36, 44, 47, 5842, 32, 28, 2, 23, 19, 2, 2, 35, 7, 10, 2, 14, 2, 15, 1, 1,
43, 12, 50, 49, 2579, 32, 24, 4, 23, 19, 1, 421, 33, 7, 10, 1, 13, 2, 16, 1, 2,
43, 18, 51, 45, 8471, 33, 27, 1, 22, 19, 2, 4, 23, 7, 8, 2, 14, 1, 15, 1, 1,
41, 21, 50, 49, 2782, 31, 26, 1, 22, 19, 2, 4, 31, 6, 10, 1, 12, 1, 16, 1, 1,
42, 18, 50, 49, 1042, 33, 27, 4, 22, 19, 2, 2, 33, 7, 10, 1, 14, 1, 16, 1, 2,
41, 15, 50, 49, 3186, 30, 26, 2, 22, 19, 3, 4, 20, 7, 8, 1, 14, 1, 16, 1, 1,
42, 12, 50, 47, 2028, 33, 27, 4, 23, 19, 2, 4, 30, 7, 10, 1, 14, 1, 16, 1, 1,
41, 21, 51, 46, 1591, 29, 26, 4, 23, 19, 3, 421, 34, 7, 10, 2, 12, 1, 16, 1, 1,
42, 12, 50, 46, 2762, 33, 28, 1, 22, 19, 2, 2, 25, 6, 10, 1, 14, 1, 15, 1, 2,
42, 18, 50, 47, 2779, 32, 27, 1, 20, 19, 3, 4, 21, 7, 8, 1, 14, 1, 15, 1, 1,
41, 28, 44, 52, 2743, 32, 28, 4, 23, 19, 2, 4, 29, 7, 10, 2, 14, 1, 16, 1, 1,
41, 18, 44, 52, 1149, 30, 27, 4, 23, 19, 3, 421, 46, 7, 10, 2, 14, 1, 16, 1, 1,
41, 9, 50, 46, 1313, 32, 28, 1, 23, 19, 4, 4, 20, 7, 10, 1, 14, 1, 16, 1, 1,
43, 18, 44, 36, 1190, 32, 25, 2, 22, 19, 4, 3, 55, 7, 9, 3, 11, 2, 16, 1, 2,
41, 5, 50, 39, 3448, 32, 26, 1, 23, 19, 4, 421, 74, 7, 10, 1, 13, 1, 16, 1, 1,
42, 24, 50, 34, 11328, 32, 27, 2, 23, 17, 3, 4, 29, 6, 10, 2, 12, 1, 15, 1, 2,
43, 6, 44, 46, 1872, 32, 25, 4, 23, 19, 4, 3, 36, 7, 9, 3, 12, 1, 15, 1, 1,
43, 9, 50, 46, 2136, 32, 27, 3, 23, 19, 2, 421, 25, 7, 10, 1, 14, 1, 16, 1, 1,
42, 12, 50, 52, 1484, 33, 27, 2, 20, 19, 1, 421, 25, 7, 10, 1, 14, 1, 15, 1, 2,
41, 6, 50, 36, 660, 31, 26, 2, 20, 19, 4, 421, 23, 7, 8, 1, 13, 1, 16, 1, 1,
41, 24, 44, 49, 1287, 30, 28, 4, 22, 19, 4, 421, 37, 7, 10, 2, 14, 1, 15, 1, 1,
43, 42, 44, 36, 3394, 32, 25, 4, 23, 17, 4, 4, 65, 7, 10, 2, 11, 1, 16, 1, 1,
40, 12, 38, 39, 609, 32, 24, 4, 22, 19, 1, 421, 26, 7, 10, 1, 11, 1, 16, 1, 2,
41, 12, 50, 49, 1884, 32, 28, 4, 23, 19, 4, 4, 39, 7, 10, 1, 12, 1, 15, 1, 1,
43, 12, 50, 46, 1620, 32, 27, 2, 22, 17, 3, 2, 30, 7, 10, 1, 14, 1, 16, 1, 1,
42, 20, 51, 34, 2629, 32, 27, 2, 23, 19, 3, 4, 29, 6, 10, 2, 14, 1, 15, 1, 1,
41, 12, 50, 45, 719, 32, 28, 4, 23, 19, 4, 4, 41, 6, 10, 1, 13, 2, 16, 1, 2,
41, 9, 44, 45, 1244, 33, 28, 4, 22, 19, 4, 2, 41, 7, 8, 2, 13, 1, 16, 1, 1,
43, 36, 50, 49, 1842, 32, 24, 4, 22, 19, 4, 4, 34, 7, 10, 1, 14, 1, 15, 1, 2,
42, 7, 50, 52, 2576, 32, 27, 2, 23, 18, 2, 421, 35, 7, 10, 1, 14, 1, 16, 1, 1,
40, 12, 50, 46, 1424, 33, 28, 3, 22, 19, 4, 421, 55, 7, 10, 1, 12, 1, 15, 1, 1,
42, 15, 51, 36, 1512, 30, 27, 3, 20, 19, 3, 2, 61, 5, 10, 2, 14, 1, 16, 1, 2,
41, 36, 44, 47, 11054, 33, 27, 4, 23, 19, 2, 4, 30, 7, 10, 1, 12, 1, 15, 1, 1,
41, 6, 50, 52, 518, 32, 27, 3, 22, 19, 1, 421, 29, 7, 10, 1, 14, 1, 16, 1, 1,
41, 12, 48, 46, 2759, 32, 28, 2, 23, 19, 4, 2, 34, 7, 10, 2, 14, 1, 16, 1, 1,
43, 24, 50, 49, 4817, 32, 26, 2, 23, 17, 3, 2, 31, 7, 10, 1, 14, 1, 15, 1, 2,
41, 24, 50, 47, 2679, 32, 24, 4, 22, 19, 1, 3, 29, 7, 10, 1, 12, 1, 15, 1, 1,
43, 11, 44, 49, 3905, 32, 27, 2, 23, 19, 2, 421, 36, 7, 8, 2, 14, 2, 16, 1, 1,
43, 12, 50, 47, 3386, 32, 28, 3, 23, 19, 4, 3, 35, 7, 9, 1, 14, 1, 15, 1, 2,
43, 6, 50, 37, 343, 32, 24, 4, 22, 19, 1, 421, 27, 7, 10, 1, 14, 1, 16, 1, 1,
41, 18, 50, 52, 4594, 32, 24, 3, 23, 19, 2, 4, 32, 7, 10, 1, 14, 1, 15, 1, 1,
43, 36, 50, 46, 3620, 32, 27, 1, 23, 18, 2, 2, 37, 7, 10, 1, 14, 2, 16, 1, 1,
43, 15, 50, 49, 1721, 32, 24, 2, 23, 19, 3, 421, 36, 7, 10, 1, 14, 1, 16, 1, 1,
42, 12, 50, 46, 3017, 32, 24, 3, 22, 19, 1, 421, 34, 7, 8, 1, 12, 1, 16, 1, 1,
42, 12, 50, 35, 754, 33, 28, 4, 23, 19, 4, 2, 38, 7, 10, 2, 14, 1, 16, 1, 1,
43, 24, 50, 47, 2924, 32, 27, 3, 23, 18, 4, 3, 63, 6, 10, 1, 14, 2, 15, 1, 1,
43, 24, 51, 52, 1659, 32, 24, 4, 22, 19, 2, 4, 29, 7, 8, 1, 13, 1, 15, 1, 2,
41, 48, 51, 52, 7238, 33, 28, 3, 23, 19, 3, 4, 32, 6, 10, 2, 14, 2, 16, 1, 1,
41, 33, 51, 39, 2764, 32, 27, 2, 22, 19, 2, 4, 26, 7, 10, 2, 14, 1, 15, 1, 1,
42, 24, 50, 52, 3092, 29, 24, 3, 20, 19, 2, 4, 22, 7, 8, 1, 14, 1, 15, 1, 2,
43, 9, 50, 49, 654, 32, 27, 4, 23, 19, 3, 4, 28, 7, 10, 1, 13, 1, 16, 1, 2,
41, 6, 50, 35, 1238, 33, 25, 4, 23, 19, 4, 2, 36, 7, 10, 1, 12, 2, 15, 1, 1,
42, 18, 44, 52, 1245, 32, 27, 4, 20, 19, 2, 4, 33, 7, 10, 1, 14, 1, 16, 1, 2,
43, 18, 48, 46, 3114, 32, 24, 1, 22, 19, 4, 2, 26, 7, 8, 1, 14, 1, 16, 1, 2,
41, 39, 50, 47, 2569, 31, 27, 4, 23, 19, 4, 4, 24, 7, 10, 1, 14, 1, 16, 1, 1,
40, 24, 50, 52, 5152, 32, 26, 4, 23, 19, 2, 4, 25, 6, 10, 1, 14, 1, 16, 1, 1,
42, 12, 50, 39, 1037, 29, 26, 3, 23, 19, 4, 421, 39, 7, 10, 1, 13, 1, 16, 1, 1,
43, 15, 44, 46, 1478, 32, 28, 4, 23, 19, 4, 4, 44, 7, 10, 2, 14, 2, 15, 1, 1,
42, 24, 50, 49, 1201, 32, 24, 4, 23, 19, 1, 2, 26, 7, 10, 1, 14, 1, 16, 1, 1,
43, 30, 50, 46, 3622, 30, 28, 4, 22, 19, 4, 2, 57, 7, 8, 2, 14, 1, 15, 1, 1,
41, 15, 51, 46, 960, 30, 26, 3, 22, 19, 2, 2, 30, 7, 10, 2, 14, 1, 16, 1, 1,
41, 12, 44, 49, 1163, 31, 27, 4, 23, 19, 4, 421, 44, 7, 10, 1, 14, 1, 15, 1, 1,
42, 6, 51, 49, 1209, 32, 25, 4, 23, 19, 4, 2, 47, 7, 10, 1, 12, 1, 15, 1, 2,
41, 24, 50, 49, 3757, 32, 28, 4, 22, 17, 4, 3, 62, 7, 9, 1, 14, 1, 15, 1, 1,
41, 10, 50, 49, 1418, 29, 27, 3, 23, 19, 2, 421, 35, 7, 8, 1, 13, 1, 16, 0, 1,
41, 12, 44, 52, 1934, 32, 28, 2, 23, 19, 2, 3, 26, 7, 10, 2, 14, 1, 16, 1, 1,
42, 27, 48, 39, 8318, 32, 28, 2, 22, 19, 4, 3, 42, 7, 9, 2, 12, 1, 15, 1, 2,
41, 6, 44, 52, 1237, 29, 27, 1, 22, 19, 1, 2, 27, 7, 10, 2, 14, 1, 16, 1, 1,
42, 6, 50, 52, 368, 33, 28, 4, 23, 19, 4, 2, 38, 7, 10, 1, 14, 1, 16, 1, 1,
43, 12, 44, 49, 2122, 32, 27, 3, 23, 19, 2, 421, 39, 7, 8, 2, 13, 2, 16, 0, 1,
43, 24, 50, 46, 2996, 33, 27, 2, 20, 19, 4, 4, 20, 7, 10, 1, 14, 1, 16, 1, 2,
42, 36, 50, 46, 9034, 29, 24, 4, 23, 17, 1, 3, 29, 7, 8, 1, 12, 1, 15, 1, 2,
41, 24, 44, 46, 1585, 32, 26, 4, 23, 19, 3, 2, 40, 7, 10, 2, 14, 1, 16, 1, 1,
42, 18, 50, 52, 1301, 32, 28, 4, 20, 18, 2, 421, 32, 7, 10, 1, 13, 1, 16, 1, 1,
40, 6, 44, 49, 1323, 29, 28, 2, 21, 19, 4, 4, 28, 7, 10, 2, 14, 2, 15, 1, 1,
43, 24, 50, 49, 3123, 32, 24, 4, 22, 19, 1, 2, 27, 7, 10, 1, 14, 1, 16, 1, 2,
40, 9, 50, 52, 1126, 29, 28, 2, 21, 19, 4, 421, 49, 7, 10, 1, 14, 1, 16, 1, 1,
42, 24, 44, 52, 1216, 29, 24, 4, 23, 19, 4, 3, 38, 6, 10, 2, 14, 2, 16, 1, 2,
43, 24, 50, 49, 1207, 32, 24, 4, 22, 19, 4, 2, 24, 7, 8, 1, 14, 1, 16, 1, 2,
41, 10, 50, 49, 1309, 33, 27, 4, 23, 18, 4, 2, 27, 7, 10, 1, 13, 1, 16, 1, 2,
40, 15, 44, 47, 2360, 31, 27, 2, 23, 19, 2, 4, 36, 7, 10, 1, 14, 1, 15, 1, 1,
42, 15, 38, 49, 6850, 29, 25, 1, 23, 19, 2, 2, 34, 7, 10, 1, 12, 2, 15, 1, 2,
41, 24, 50, 52, 1413, 32, 27, 4, 20, 19, 2, 2, 28, 7, 10, 1, 14, 1, 16, 1, 1,
41, 39, 50, 47, 8588, 29, 28, 4, 23, 19, 2, 4, 45, 7, 10, 1, 12, 1, 15, 1, 1,
43, 12, 50, 49, 759, 32, 26, 4, 23, 19, 2, 421, 26, 7, 10, 1, 14, 1, 16, 1, 2,
41, 36, 50, 47, 4686, 32, 27, 2, 23, 19, 2, 3, 32, 7, 9, 1, 12, 1, 15, 1, 1,
40, 15, 50, 39, 2687, 32, 26, 2, 23, 19, 4, 2, 26, 7, 8, 1, 14, 1, 15, 1, 1,
42, 12, 51, 52, 585, 32, 27, 4, 20, 17, 4, 421, 20, 7, 8, 2, 14, 1, 16, 1, 1,
41, 24, 50, 49, 2255, 33, 24, 4, 23, 19, 1, 2, 54, 7, 10, 1, 14, 1, 16, 1, 1,
43, 6, 44, 49, 1361, 32, 24, 2, 23, 19, 4, 421, 40, 7, 10, 1, 13, 2, 16, 0, 1,
41, 36, 44, 46, 7127, 32, 24, 2, 22, 19, 4, 2, 23, 7, 8, 2, 14, 1, 15, 1, 2,
43, 6, 50, 49, 1203, 29, 28, 3, 23, 19, 2, 2, 43, 7, 10, 1, 14, 1, 15, 1, 1,
41, 24, 44, 36, 5507, 32, 28, 3, 23, 19, 4, 3, 44, 7, 9, 2, 14, 1, 16, 1, 1,
43, 18, 50, 52, 3190, 32, 27, 2, 22, 19, 2, 421, 24, 7, 10, 1, 14, 1, 16, 1, 2,
43, 48, 48, 46, 7119, 32, 27, 3, 23, 19, 4, 3, 53, 7, 9, 2, 14, 2, 16, 1, 2,
41, 24, 50, 47, 3488, 29, 26, 3, 22, 19, 4, 4, 23, 7, 10, 1, 14, 1, 16, 1, 1,
42, 26, 50, 47, 7966, 32, 24, 2, 23, 19, 3, 4, 30, 7, 10, 2, 14, 1, 16, 1, 1,
41, 15, 44, 45, 1532, 29, 27, 4, 22, 19, 3, 4, 31, 7, 10, 1, 14, 1, 16, 1, 1,
41, 4, 44, 52, 1503, 32, 26, 2, 23, 19, 1, 421, 42, 7, 10, 2, 13, 2, 16, 1, 1,
43, 36, 50, 52, 2302, 32, 27, 4, 21, 19, 4, 4, 31, 7, 8, 1, 14, 1, 16, 1, 2,
43, 6, 50, 49, 662, 32, 24, 3, 23, 19, 4, 421, 41, 7, 10, 1, 13, 2, 15, 1, 1,
42, 15, 50, 49, 2631, 29, 27, 2, 22, 19, 4, 4, 28, 7, 8, 2, 14, 1, 15, 1, 2,
41, 12, 51, 47, 1503, 32, 27, 4, 20, 19, 4, 421, 41, 7, 8, 1, 14, 1, 16, 1, 1,
41, 24, 50, 52, 1311, 29, 26, 4, 20, 19, 3, 2, 26, 7, 10, 1, 14, 1, 15, 1, 1,
41, 24, 50, 52, 3105, 33, 24, 4, 23, 19, 2, 4, 25, 7, 10, 2, 14, 1, 16, 1, 1,
40, 21, 44, 45, 2319, 32, 24, 2, 21, 19, 1, 4, 33, 7, 8, 1, 14, 1, 16, 1, 2,
43, 6, 50, 49, 1374, 33, 25, 4, 22, 19, 3, 2, 75, 7, 10, 1, 12, 1, 15, 1, 1,
42, 18, 44, 46, 3612, 32, 28, 3, 22, 19, 4, 2, 37, 7, 10, 1, 14, 1, 15, 1, 1,
43, 48, 50, 49, 7763, 32, 28, 4, 23, 19, 4, 3, 42, 6, 9, 1, 12, 1, 16, 1, 2,
40, 18, 50, 46, 3049, 32, 24, 1, 22, 19, 1, 2, 45, 5, 10, 1, 13, 1, 16, 1, 1,
42, 12, 50, 52, 1534, 32, 24, 1, 20, 19, 1, 421, 23, 7, 8, 1, 14, 1, 16, 1, 2,
41, 24, 51, 49, 2032, 32, 28, 4, 23, 19, 4, 3, 60, 7, 9, 2, 14, 1, 15, 1, 1,
43, 30, 50, 46, 6350, 33, 28, 4, 23, 19, 4, 2, 31, 7, 10, 1, 14, 1, 16, 1, 2,
40, 18, 50, 46, 2864, 32, 27, 2, 23, 19, 1, 421, 34, 7, 10, 1, 13, 2, 16, 1, 2,
41, 12, 44, 49, 1255, 32, 28, 4, 23, 19, 4, 421, 61, 7, 10, 2, 13, 1, 16, 1, 1,
41, 24, 44, 49, 2022, 32, 27, 4, 22, 19, 4, 4, 37, 7, 10, 1, 14, 1, 15, 1, 1,
41, 24, 50, 52, 1552, 32, 26, 3, 23, 19, 1, 4, 32, 6, 10, 1, 14, 2, 16, 1, 1,
43, 12, 38, 52, 626, 32, 27, 4, 22, 19, 4, 421, 24, 6, 10, 1, 13, 1, 16, 1, 2,
41, 48, 44, 47, 8858, 33, 26, 2, 23, 19, 1, 3, 35, 7, 9, 2, 14, 1, 15, 1, 1,
41, 12, 44, 36, 996, 33, 26, 4, 22, 19, 4, 421, 23, 7, 10, 2, 14, 1, 16, 1, 1,
41, 6, 38, 52, 1750, 31, 28, 2, 23, 19, 4, 2, 45, 6, 10, 1, 13, 2, 16, 1, 1,
43, 48, 50, 52, 6999, 32, 26, 1, 20, 18, 1, 421, 34, 7, 10, 2, 14, 1, 15, 1, 2,
42, 12, 44, 49, 1995, 29, 24, 4, 23, 19, 1, 4, 27, 7, 10, 1, 14, 1, 16, 1, 1,
42, 9, 50, 45, 1199, 32, 26, 4, 22, 19, 4, 2, 67, 7, 10, 2, 12, 1, 15, 1, 1,
42, 18, 48, 49, 2278, 29, 24, 3, 22, 19, 3, 4, 28, 7, 10, 2, 14, 1, 16, 1, 2,
41, 21, 48, 49, 5003, 33, 27, 1, 22, 19, 4, 2, 29, 6, 10, 2, 14, 1, 15, 1, 2,
43, 24, 38, 46, 3552, 32, 26, 3, 23, 19, 4, 4, 27, 6, 10, 1, 14, 1, 16, 1, 2,
42, 18, 44, 46, 1928, 32, 24, 2, 23, 19, 2, 421, 31, 7, 10, 2, 13, 1, 16, 1, 2,
43, 24, 50, 47, 2964, 33, 28, 4, 23, 19, 4, 3, 49, 6, 9, 1, 14, 2, 15, 1, 1,
43, 24, 38, 52, 1546, 32, 26, 4, 23, 18, 4, 4, 24, 6, 8, 1, 13, 1, 16, 1, 2,
40, 6, 51, 52, 683, 32, 24, 2, 22, 19, 1, 2, 29, 6, 10, 1, 14, 1, 16, 1, 1,
42, 36, 50, 49, 12389, 33, 27, 1, 23, 19, 4, 3, 37, 7, 9, 1, 14, 1, 15, 1, 2,
42, 24, 51, 39, 4712, 33, 27, 4, 23, 19, 2, 2, 37, 6, 10, 2, 12, 1, 15, 1, 1,
42, 24, 51, 52, 1553, 29, 26, 3, 22, 19, 2, 2, 23, 7, 8, 2, 14, 1, 15, 1, 1,
43, 12, 50, 49, 1372, 32, 26, 2, 21, 19, 3, 4, 36, 7, 10, 1, 14, 1, 16, 1, 2,
41, 24, 44, 52, 2578, 30, 28, 2, 23, 19, 2, 4, 34, 7, 10, 1, 14, 1, 16, 1, 1,
42, 48, 50, 52, 3979, 33, 26, 4, 23, 19, 1, 4, 41, 7, 10, 2, 14, 2, 15, 1, 1,
43, 48, 50, 52, 6758, 32, 27, 3, 22, 19, 2, 4, 31, 7, 10, 1, 14, 1, 15, 1, 2,
43, 24, 50, 46, 3234, 32, 24, 4, 22, 19, 4, 421, 23, 7, 8, 1, 13, 1, 15, 1, 2,
41, 30, 44, 52, 5954, 32, 26, 3, 23, 17, 2, 4, 38, 7, 10, 1, 14, 1, 16, 1, 1,
41, 24, 50, 47, 5433, 33, 25, 2, 22, 19, 4, 2, 26, 7, 8, 1, 12, 1, 15, 1, 1,
43, 15, 50, 39, 806, 32, 27, 4, 22, 19, 4, 2, 22, 7, 10, 1, 13, 1, 16, 1, 1,
42, 9, 50, 52, 1082, 32, 28, 4, 23, 19, 4, 4, 27, 7, 10, 2, 13, 1, 16, 1, 1,
42, 12, 50, 52, 2930, 32, 26, 2, 22, 19, 1, 421, 27, 7, 10, 1, 14, 1, 16, 1, 1,
41, 24, 44, 45, 1927, 33, 27, 3, 22, 19, 2, 4, 33, 7, 10, 2, 14, 1, 15, 1, 1,
42, 36, 44, 49, 2820, 32, 24, 4, 21, 19, 4, 4, 27, 7, 10, 2, 14, 1, 16, 1, 2,
42, 18, 44, 49, 1056, 32, 28, 3, 23, 18, 3, 421, 30, 6, 10, 2, 14, 1, 16, 1, 2,
42, 12, 44, 49, 3124, 32, 24, 1, 23, 19, 3, 421, 49, 6, 10, 2, 13, 2, 16, 1, 1,
41, 9, 50, 46, 1388, 32, 27, 4, 22, 19, 2, 421, 26, 7, 8, 1, 14, 1, 16, 1, 1,
42, 36, 50, 36, 2384, 32, 24, 4, 23, 19, 1, 3, 33, 7, 8, 1, 13, 1, 16, 1, 2,
43, 18, 50, 46, 2039, 32, 27, 1, 22, 19, 4, 421, 20, 6, 8, 1, 14, 1, 16, 1, 2,
43, 9, 44, 49, 2799, 32, 27, 2, 23, 19, 2, 421, 36, 7, 8, 2, 14, 2, 16, 1, 1,
43, 12, 50, 46, 1289, 32, 27, 4, 23, 18, 1, 2, 21, 7, 10, 1, 13, 1, 16, 1, 1,
43, 18, 50, 37, 1217, 32, 27, 4, 20, 19, 3, 421, 47, 7, 10, 1, 13, 1, 15, 1, 2,
43, 12, 44, 46, 2246, 32, 28, 3, 23, 19, 3, 2, 60, 7, 10, 2, 14, 1, 16, 1, 2,
43, 12, 44, 52, 385, 32, 26, 4, 22, 19, 3, 421, 58, 7, 10, 4, 13, 1, 15, 1, 1,
42, 24, 51, 49, 1965, 33, 27, 4, 22, 19, 4, 4, 42, 7, 8, 2, 14, 1, 15, 1, 1,
41, 21, 50, 39, 1572, 30, 28, 4, 22, 19, 4, 421, 36, 6, 10, 1, 13, 1, 16, 1, 1,
42, 24, 50, 49, 2718, 32, 27, 3, 22, 19, 4, 2, 20, 7, 8, 1, 13, 1, 15, 1, 2,
43, 24, 38, 34, 1358, 33, 28, 4, 23, 19, 3, 4, 40, 5, 10, 1, 12, 1, 15, 1, 2,
42, 6, 38, 49, 931, 29, 24, 1, 22, 19, 1, 2, 32, 5, 10, 1, 13, 1, 16, 1, 2,
43, 24, 50, 49, 1442, 32, 26, 4, 22, 19, 4, 4, 23, 7, 8, 2, 14, 1, 16, 1, 2,
41, 18, 44, 49, 2775, 32, 26, 2, 23, 19, 2, 2, 31, 6, 10, 2, 14, 1, 16, 1, 2,
42, 7, 50, 52, 2329, 32, 24, 1, 22, 18, 1, 421, 45, 7, 10, 1, 14, 1, 16, 1, 1,
42, 9, 50, 46, 918, 32, 27, 4, 22, 19, 1, 2, 30, 7, 10, 1, 14, 1, 16, 1, 2,
42, 24, 38, 45, 1837, 32, 26, 4, 22, 19, 4, 3, 34, 6, 9, 1, 13, 1, 16, 1, 2,
41, 36, 50, 46, 3349, 32, 27, 4, 22, 19, 2, 4, 28, 7, 10, 1, 12, 1, 15, 1, 2,
41, 24, 44, 39, 4526, 32, 27, 3, 23, 19, 2, 421, 74, 7, 10, 1, 12, 1, 15, 1, 1,
42, 36, 50, 52, 2671, 29, 27, 4, 22, 17, 4, 3, 50, 7, 9, 1, 14, 1, 16, 1, 2,
41, 18, 50, 52, 2051, 32, 24, 4, 23, 19, 1, 421, 33, 7, 10, 1, 14, 1, 16, 1, 1,
41, 15, 50, 47, 1300, 33, 28, 4, 23, 19, 4, 3, 45, 6, 9, 1, 14, 2, 16, 1, 1,
43, 12, 50, 37, 741, 29, 25, 4, 22, 19, 3, 2, 22, 7, 10, 1, 14, 1, 16, 1, 2,
40, 10, 50, 49, 1240, 29, 28, 1, 22, 19, 4, 3, 48, 7, 9, 1, 13, 2, 16, 1, 2,
43, 21, 50, 52, 3357, 30, 24, 4, 22, 19, 2, 4, 29, 6, 10, 1, 14, 1, 16, 1, 1,
43, 24, 38, 47, 3632, 32, 27, 1, 22, 18, 4, 4, 22, 6, 8, 1, 14, 1, 16, 0, 1,
41, 18, 51, 46, 1808, 32, 26, 4, 22, 19, 1, 421, 22, 7, 10, 1, 14, 1, 16, 1, 2,
42, 48, 48, 39, 12204, 33, 27, 2, 23, 19, 2, 4, 48, 6, 10, 1, 12, 1, 15, 1, 1,
42, 60, 51, 52, 9157, 33, 27, 2, 23, 19, 2, 3, 27, 7, 9, 1, 12, 1, 16, 1, 1,
43, 6, 44, 49, 3676, 32, 27, 1, 23, 19, 3, 421, 37, 7, 8, 3, 14, 2, 16, 1, 1,
42, 30, 50, 46, 3441, 29, 27, 2, 22, 17, 4, 4, 21, 7, 8, 1, 14, 1, 16, 1, 2,
41, 12, 50, 49, 640, 32, 27, 4, 21, 19, 2, 421, 49, 7, 10, 1, 13, 1, 16, 1, 1,
42, 21, 44, 39, 3652, 32, 26, 2, 23, 19, 3, 2, 27, 7, 10, 2, 14, 1, 16, 1, 1,
41, 18, 44, 49, 1530, 32, 27, 3, 23, 19, 2, 2, 32, 6, 10, 2, 14, 1, 16, 1, 2,
41, 48, 50, 39, 3914, 33, 27, 4, 21, 19, 2, 421, 38, 6, 10, 1, 14, 1, 16, 1, 2,
43, 12, 50, 46, 1858, 32, 24, 4, 22, 19, 1, 4, 22, 7, 8, 1, 14, 1, 16, 1, 1,
43, 18, 50, 52, 2600, 32, 27, 4, 23, 19, 4, 3, 65, 7, 9, 2, 14, 1, 16, 1, 2,
41, 15, 50, 52, 1979, 33, 28, 4, 23, 19, 2, 4, 35, 7, 10, 1, 14, 1, 16, 1, 1,
40, 6, 50, 46, 2116, 32, 27, 2, 23, 19, 2, 421, 41, 7, 10, 1, 14, 1, 15, 1, 1,
42, 9, 38, 49, 1437, 29, 26, 2, 23, 19, 3, 3, 29, 7, 10, 1, 14, 1, 16, 1, 2,
41, 42, 44, 46, 4042, 31, 27, 4, 23, 19, 4, 421, 36, 7, 10, 2, 14, 1, 15, 1, 1,
43, 18, 38, 46, 1553, 32, 27, 4, 23, 19, 3, 4, 44, 6, 10, 1, 14, 1, 16, 1, 2,
42, 15, 50, 52, 1444, 33, 24, 4, 23, 19, 1, 2, 23, 7, 10, 1, 14, 1, 16, 1, 1,
41, 9, 50, 46, 1980, 32, 24, 2, 22, 17, 2, 4, 19, 7, 8, 2, 14, 1, 16, 1, 2,
42, 24, 50, 49, 1355, 32, 24, 3, 22, 19, 4, 4, 25, 7, 10, 1, 13, 1, 15, 1, 2,
41, 12, 50, 45, 1393, 32, 28, 4, 23, 19, 4, 2, 47, 6, 10, 3, 14, 2, 15, 1, 1,
41, 24, 50, 52, 1376, 31, 26, 4, 22, 19, 1, 4, 28, 7, 10, 1, 14, 1, 16, 1, 1,
41, 60, 51, 52, 15653, 32, 26, 2, 23, 19, 4, 4, 21, 7, 10, 2, 14, 1, 15, 1, 1,
43, 42, 51, 52, 4370, 32, 26, 3, 23, 19, 2, 2, 26, 6, 10, 2, 14, 2, 15, 1, 2,
43, 18, 50, 45, 750, 32, 25, 4, 22, 19, 1, 421, 27, 7, 10, 1, 11, 1, 16, 1, 2,
42, 15, 50, 36, 1308, 32, 28, 4, 23, 19, 4, 4, 38, 7, 10, 2, 13, 1, 16, 1, 1,
41, 15, 50, 45, 4623, 29, 27, 3, 23, 19, 2, 2, 40, 7, 10, 1, 12, 1, 15, 1, 2,
41, 24, 44, 52, 1851, 32, 26, 4, 20, 18, 2, 4, 33, 7, 10, 2, 14, 1, 15, 1, 1,
43, 18, 44, 52, 1880, 32, 26, 4, 20, 19, 1, 2, 32, 7, 10, 2, 12, 1, 15, 1, 1,
41, 36, 51, 39, 7980, 33, 24, 4, 23, 19, 4, 4, 27, 7, 8, 2, 14, 1, 15, 1, 2,
43, 30, 48, 46, 4583, 32, 27, 2, 21, 18, 2, 421, 32, 7, 10, 2, 14, 1, 16, 1, 1,
41, 12, 50, 49, 1386, 31, 27, 2, 22, 19, 2, 2, 26, 7, 10, 1, 14, 1, 16, 1, 2,
40, 24, 50, 49, 947, 32, 26, 4, 23, 19, 3, 3, 38, 6, 9, 1, 14, 2, 16, 1, 2,
43, 12, 50, 45, 684, 32, 27, 4, 23, 19, 4, 4, 40, 7, 8, 1, 13, 2, 16, 1, 2,
43, 48, 50, 45, 7476, 32, 26, 4, 23, 19, 1, 3, 50, 7, 9, 1, 12, 1, 15, 1, 1,
42, 12, 50, 46, 1922, 32, 27, 4, 23, 19, 2, 2, 37, 7, 10, 1, 13, 1, 16, 1, 2,
43, 24, 50, 49, 2303, 32, 28, 4, 23, 17, 1, 421, 45, 7, 10, 1, 14, 1, 16, 1, 2,
42, 36, 51, 49, 8086, 29, 28, 2, 23, 19, 4, 4, 42, 7, 10, 4, 12, 1, 15, 1, 2,
43, 14, 50, 49, 3973, 32, 25, 1, 23, 19, 4, 3, 22, 7, 9, 1, 14, 1, 16, 1, 1,
42, 12, 50, 49, 888, 32, 28, 4, 23, 19, 4, 4, 41, 6, 10, 1, 13, 2, 16, 1, 2,
41, 48, 50, 52, 10222, 33, 26, 4, 23, 19, 3, 4, 37, 5, 10, 1, 14, 1, 15, 1, 1,
42, 30, 48, 39, 4221, 32, 27, 2, 22, 19, 1, 4, 28, 7, 10, 2, 14, 1, 16, 1, 1,
42, 18, 44, 46, 6361, 32, 28, 2, 23, 19, 1, 3, 41, 7, 10, 1, 14, 1, 15, 1, 1,
40, 12, 50, 52, 1297, 32, 27, 3, 20, 19, 4, 421, 23, 7, 8, 1, 14, 1, 16, 1, 1,
43, 12, 50, 49, 900, 33, 27, 4, 20, 19, 2, 4, 23, 7, 10, 1, 14, 1, 16, 1, 2,
41, 21, 50, 46, 2241, 32, 28, 4, 23, 19, 2, 421, 50, 7, 10, 2, 14, 1, 16, 1, 1,
42, 6, 51, 46, 1050, 32, 25, 4, 23, 19, 1, 2, 35, 5, 10, 2, 12, 1, 15, 1, 1,
41, 24, 44, 34, 6314, 32, 25, 4, 23, 17, 2, 3, 27, 6, 10, 2, 12, 1, 15, 1, 1,
42, 30, 38, 46, 3496, 30, 27, 4, 23, 19, 2, 4, 34, 5, 10, 1, 14, 2, 15, 1, 1,
41, 48, 38, 39, 3609, 32, 27, 1, 22, 19, 1, 421, 27, 5, 10, 1, 14, 1, 16, 1, 1,
40, 30, 44, 52, 3017, 32, 28, 4, 23, 19, 4, 2, 47, 7, 10, 1, 14, 1, 16, 1, 1,
41, 24, 44, 39, 4139, 29, 27, 3, 23, 19, 3, 2, 27, 7, 10, 2, 13, 1, 15, 1, 1,
41, 36, 50, 39, 5742, 29, 26, 2, 23, 19, 2, 4, 31, 7, 10, 2, 14, 1, 15, 1, 1,
41, 60, 50, 49, 10366, 32, 28, 2, 23, 19, 4, 2, 42, 7, 10, 1, 12, 1, 15, 1, 1,
41, 6, 44, 49, 2080, 31, 27, 1, 20, 19, 2, 4, 24, 7, 10, 1, 14, 1, 16, 1, 1,
41, 21, 51, 39, 2580, 31, 24, 4, 23, 19, 2, 421, 41, 6, 10, 1, 13, 2, 16, 1, 2,
41, 30, 44, 52, 4530, 32, 26, 4, 22, 19, 4, 4, 26, 7, 8, 1, 12, 1, 15, 1, 1,
41, 24, 44, 46, 5150, 32, 28, 4, 23, 19, 4, 4, 33, 7, 10, 1, 14, 1, 15, 1, 1,
42, 72, 50, 52, 5595, 29, 27, 2, 20, 19, 2, 4, 24, 7, 10, 1, 14, 1, 16, 1, 2,
43, 24, 50, 52, 2384, 32, 28, 4, 23, 19, 4, 421, 64, 6, 8, 1, 13, 1, 16, 1, 1,
41, 18, 50, 52, 1453, 32, 24, 3, 22, 19, 1, 421, 26, 7, 10, 1, 14, 1, 16, 1, 1,
41, 6, 50, 45, 1538, 32, 24, 1, 22, 19, 2, 3, 56, 7, 10, 1, 14, 1, 16, 1, 1,
41, 12, 50, 52, 2279, 33, 27, 4, 23, 19, 4, 3, 37, 7, 9, 1, 14, 1, 15, 1, 1,
41, 15, 51, 52, 1478, 32, 27, 4, 20, 19, 3, 421, 33, 6, 10, 2, 14, 1, 16, 1, 1,
41, 24, 44, 52, 5103, 32, 24, 3, 20, 19, 3, 3, 47, 7, 9, 3, 14, 1, 15, 1, 1,
42, 36, 51, 39, 9857, 29, 26, 1, 23, 19, 3, 2, 31, 7, 10, 2, 13, 2, 15, 1, 1,
41, 60, 50, 49, 6527, 33, 27, 4, 23, 19, 4, 3, 34, 7, 9, 1, 14, 2, 15, 1, 1,
40, 10, 44, 52, 1347, 33, 26, 4, 23, 19, 2, 2, 27, 7, 10, 2, 14, 1, 15, 1, 1,
42, 36, 51, 49, 2862, 29, 28, 4, 23, 19, 3, 3, 30, 7, 9, 1, 14, 1, 16, 1, 1,
41, 9, 50, 52, 2753, 29, 28, 3, 23, 17, 4, 4, 35, 7, 10, 1, 14, 1, 15, 1, 1,
43, 12, 50, 49, 3651, 30, 27, 1, 23, 19, 3, 2, 31, 7, 10, 1, 14, 2, 16, 1, 1,
43, 15, 44, 46, 975, 32, 27, 2, 21, 19, 3, 2, 25, 7, 10, 2, 14, 1, 16, 1, 1,
42, 15, 50, 36, 2631, 29, 27, 3, 22, 19, 2, 421, 25, 7, 10, 1, 13, 1, 16, 1, 1,
42, 24, 50, 52, 2896, 29, 24, 2, 23, 19, 1, 4, 29, 7, 10, 1, 14, 1, 16, 1, 1,
43, 6, 44, 49, 4716, 33, 24, 1, 23, 19, 3, 421, 44, 7, 10, 2, 13, 2, 16, 1, 1,
41, 24, 50, 52, 2284, 32, 26, 4, 23, 19, 2, 4, 28, 7, 10, 1, 14, 1, 15, 1, 1,
41, 6, 50, 47, 1236, 31, 27, 2, 23, 19, 4, 2, 50, 7, 8, 1, 14, 1, 16, 1, 1,
42, 12, 50, 52, 1103, 32, 26, 4, 23, 18, 3, 421, 29, 7, 10, 2, 14, 1, 16, 0, 1,
41, 12, 44, 49, 926, 32, 25, 1, 22, 19, 2, 2, 38, 7, 10, 1, 11, 1, 16, 1, 1,
41, 18, 44, 52, 1800, 32, 27, 4, 23, 19, 2, 4, 24, 7, 10, 2, 14, 1, 16, 1, 1,
41, 12, 50, 46, 1123, 31, 27, 4, 22, 19, 4, 4, 29, 7, 8, 1, 13, 1, 16, 1, 2,
40, 24, 50, 52, 1377, 29, 28, 4, 22, 19, 2, 3, 47, 7, 9, 1, 14, 1, 15, 1, 1,
42, 30, 51, 39, 2503, 29, 28, 4, 23, 19, 2, 2, 41, 5, 10, 2, 14, 1, 16, 1, 1,
42, 27, 50, 39, 2528, 32, 24, 4, 22, 19, 1, 2, 32, 7, 10, 1, 14, 2, 15, 1, 1,
41, 15, 50, 49, 5324, 31, 28, 1, 22, 19, 4, 3, 35, 7, 9, 1, 14, 1, 16, 1, 1,
42, 48, 50, 49, 6560, 29, 26, 3, 23, 19, 2, 2, 24, 7, 10, 1, 14, 1, 16, 1, 2,
42, 12, 48, 46, 2969, 32, 24, 4, 22, 19, 3, 2, 25, 7, 8, 2, 14, 1, 16, 1, 2,
42, 9, 50, 52, 1206, 32, 28, 4, 22, 19, 4, 421, 25, 7, 10, 1, 14, 1, 16, 1, 1,
42, 9, 50, 52, 2118, 32, 27, 2, 23, 19, 2, 421, 37, 7, 10, 1, 13, 2, 16, 1, 1,
41, 18, 44, 52, 629, 31, 28, 4, 23, 19, 3, 2, 32, 6, 10, 2, 12, 1, 15, 1, 1,
43, 6, 38, 45, 1198, 32, 28, 4, 22, 19, 4, 3, 35, 7, 9, 1, 14, 1, 16, 1, 2,
41, 21, 50, 47, 2476, 33, 28, 4, 23, 19, 4, 421, 46, 7, 10, 1, 12, 1, 15, 1, 1,
43, 9, 44, 52, 1138, 32, 27, 4, 23, 19, 4, 421, 25, 7, 10, 2, 13, 1, 16, 1, 1,
41, 30, 44, 47, 7596, 33, 28, 1, 23, 19, 4, 4, 63, 7, 10, 2, 14, 1, 16, 1, 1,
41, 30, 44, 52, 3077, 33, 28, 3, 23, 19, 2, 4, 40, 7, 10, 2, 14, 2, 15, 1, 1,
40, 24, 44, 52, 3148, 33, 27, 3, 23, 19, 2, 4, 31, 7, 10, 2, 14, 1, 15, 1, 1,
40, 9, 48, 52, 1337, 32, 24, 4, 23, 19, 2, 4, 34, 7, 10, 2, 12, 1, 15, 1, 2,
42, 6, 38, 45, 433, 30, 24, 4, 22, 19, 2, 2, 24, 6, 8, 1, 14, 2, 16, 1, 2,
43, 12, 50, 49, 1228, 32, 27, 4, 22, 19, 2, 421, 24, 7, 10, 1, 13, 1, 16, 1, 2,
42, 9, 50, 52, 790, 31, 27, 4, 22, 19, 3, 421, 66, 7, 10, 1, 13, 1, 16, 1, 1,
41, 27, 50, 49, 2570, 32, 27, 3, 22, 19, 3, 421, 21, 7, 8, 1, 14, 1, 16, 1, 2,
41, 6, 44, 49, 250, 30, 27, 2, 22, 19, 2, 421, 41, 6, 10, 2, 13, 1, 16, 1, 1,
43, 18, 50, 52, 1882, 32, 27, 4, 22, 19, 4, 4, 25, 6, 8, 2, 14, 1, 16, 1, 2,
42, 48, 38, 39, 6416, 32, 28, 4, 22, 19, 3, 3, 59, 7, 8, 1, 14, 1, 16, 1, 2,
42, 24, 51, 52, 6403, 32, 24, 1, 23, 19, 2, 4, 33, 7, 10, 1, 14, 1, 16, 1, 1,
43, 24, 50, 52, 1987, 32, 27, 2, 23, 19, 4, 421, 21, 7, 8, 1, 13, 2, 16, 1, 2,
42, 8, 50, 52, 760, 32, 26, 4, 22, 18, 2, 421, 44, 7, 10, 1, 13, 1, 16, 1, 1,
41, 24, 50, 47, 2603, 30, 27, 2, 22, 19, 4, 4, 28, 7, 8, 1, 14, 1, 15, 1, 1,
41, 4, 44, 49, 3380, 32, 26, 1, 22, 19, 1, 421, 37, 7, 10, 1, 14, 2, 16, 1, 1,
42, 24, 50, 47, 11560, 32, 27, 1, 22, 19, 4, 4, 23, 7, 8, 2, 12, 1, 16, 1, 2,
43, 18, 50, 49, 4380, 29, 27, 3, 23, 19, 4, 4, 35, 7, 10, 1, 13, 2, 15, 1, 1,
41, 6, 44, 49, 6761, 32, 26, 1, 23, 19, 3, 3, 45, 7, 10, 2, 12, 2, 15, 1, 1,
42, 30, 48, 39, 4280, 29, 27, 4, 22, 19, 4, 4, 26, 7, 8, 2, 13, 1, 16, 1, 2,
43, 24, 38, 49, 2325, 29, 26, 2, 23, 19, 3, 4, 32, 6, 10, 1, 14, 1, 16, 1, 1,
42, 10, 38, 52, 1048, 32, 27, 4, 23, 19, 4, 421, 23, 5, 10, 1, 13, 1, 16, 1, 1,
43, 24, 38, 46, 2483, 31, 27, 4, 23, 19, 4, 421, 22, 5, 10, 1, 14, 1, 15, 1, 1,
43, 39, 44, 46, 14179, 33, 26, 4, 23, 19, 4, 2, 30, 7, 10, 2, 12, 1, 15, 1, 1,
43, 13, 44, 39, 1797, 32, 24, 3, 23, 19, 1, 2, 28, 6, 10, 2, 13, 1, 16, 1, 1,
43, 15, 50, 49, 2511, 32, 25, 1, 22, 19, 4, 4, 23, 7, 8, 1, 14, 1, 16, 1, 1,
43, 12, 50, 49, 1274, 32, 24, 3, 22, 19, 1, 421, 37, 7, 10, 1, 13, 1, 16, 1, 2,
41, 21, 50, 47, 5248, 33, 27, 1, 23, 19, 3, 4, 26, 7, 10, 1, 14, 1, 16, 1, 1,
41, 15, 50, 47, 3029, 32, 26, 2, 23, 19, 2, 4, 33, 7, 10, 1, 14, 1, 16, 1, 1,
43, 6, 50, 46, 428, 32, 28, 2, 22, 19, 1, 2, 49, 6, 10, 1, 14, 1, 15, 1, 1,
43, 18, 50, 49, 976, 32, 24, 1, 22, 19, 2, 4, 23, 7, 10, 1, 13, 1, 16, 1, 2,
42, 12, 50, 39, 841, 29, 26, 2, 22, 19, 4, 421, 23, 7, 8, 1, 13, 1, 16, 1, 1,
41, 30, 44, 52, 5771, 32, 26, 4, 22, 19, 2, 4, 25, 7, 10, 2, 14, 1, 16, 1, 1,
41, 12, 51, 36, 1555, 30, 28, 4, 23, 19, 4, 3, 55, 7, 9, 2, 14, 2, 16, 1, 2,
43, 24, 50, 49, 1285, 33, 26, 4, 22, 19, 4, 3, 32, 7, 8, 1, 14, 1, 16, 1, 2,
40, 6, 44, 49, 1299, 32, 27, 1, 23, 19, 1, 421, 74, 7, 10, 3, 11, 2, 16, 0, 1,
40, 15, 44, 52, 1271, 33, 27, 3, 23, 19, 4, 3, 39, 7, 9, 2, 14, 1, 15, 1, 2,
41, 24, 50, 49, 1393, 32, 27, 2, 23, 18, 2, 421, 31, 7, 10, 1, 14, 1, 15, 1, 1,
43, 12, 44, 49, 691, 32, 28, 4, 23, 19, 3, 2, 35, 7, 10, 2, 14, 1, 16, 1, 2,
41, 15, 44, 49, 5045, 33, 28, 1, 22, 19, 4, 4, 59, 7, 10, 1, 14, 1, 15, 1, 1,
43, 18, 44, 46, 2124, 32, 27, 4, 22, 19, 4, 421, 24, 7, 8, 2, 14, 1, 16, 1, 2,
43, 12, 50, 52, 2214, 32, 27, 4, 23, 19, 3, 2, 24, 7, 10, 1, 13, 1, 16, 1, 1,
41, 21, 44, 49, 12680, 33, 28, 4, 23, 19, 4, 3, 30, 7, 9, 1, 12, 1, 15, 1, 2,
41, 24, 44, 49, 2463, 29, 26, 4, 20, 19, 3, 2, 27, 7, 10, 2, 14, 1, 15, 1, 1,
42, 12, 50, 52, 1155, 32, 28, 3, 20, 18, 3, 421, 40, 6, 10, 2, 13, 1, 16, 1, 1,
43, 30, 50, 46, 3108, 32, 24, 2, 21, 19, 4, 2, 31, 7, 10, 1, 13, 1, 16, 1, 2,
41, 12, 44, 52, 1655, 32, 28, 2, 23, 19, 4, 421, 63, 7, 10, 2, 13, 1, 15, 1, 1,
43, 24, 50, 47, 2812, 33, 28, 2, 22, 19, 4, 421, 26, 7, 8, 1, 14, 1, 16, 1, 1,
43, 36, 44, 45, 8065, 32, 27, 3, 22, 19, 2, 3, 25, 7, 10, 2, 12, 1, 15, 1, 2,
41, 21, 44, 47, 3275, 32, 28, 1, 23, 19, 4, 4, 36, 7, 10, 1, 12, 1, 15, 1, 1,
41, 24, 44, 52, 2223, 29, 28, 4, 23, 19, 4, 2, 52, 6, 10, 2, 14, 1, 16, 1, 1,
41, 36, 44, 49, 3535, 32, 26, 4, 23, 19, 4, 4, 37, 7, 10, 2, 14, 1, 15, 1, 1,
43, 18, 50, 52, 3509, 32, 26, 4, 22, 18, 1, 421, 25, 7, 10, 1, 14, 1, 16, 1, 1,
41, 36, 44, 47, 5711, 30, 28, 4, 23, 19, 2, 4, 38, 7, 10, 2, 12, 1, 15, 1, 1,
42, 18, 50, 36, 3872, 32, 25, 2, 22, 19, 4, 4, 67, 7, 10, 1, 14, 1, 15, 1, 1,
42, 39, 44, 52, 4933, 32, 26, 2, 23, 18, 2, 421, 25, 7, 10, 2, 14, 1, 16, 1, 2,
41, 24, 44, 49, 1940, 30, 28, 4, 23, 19, 4, 421, 60, 7, 10, 1, 14, 1, 15, 1, 1,
42, 12, 48, 35, 1410, 32, 27, 2, 23, 19, 2, 421, 31, 7, 10, 1, 13, 1, 15, 1, 1,
42, 12, 50, 49, 836, 29, 24, 4, 22, 19, 2, 2, 23, 6, 10, 1, 13, 1, 16, 1, 2,
42, 20, 50, 47, 6468, 33, 25, 1, 21, 19, 4, 421, 60, 7, 10, 1, 12, 1, 15, 1, 1,
42, 18, 50, 39, 1941, 30, 27, 4, 23, 19, 2, 2, 35, 7, 10, 1, 13, 1, 15, 1, 1,
41, 48, 44, 47, 2751, 33, 28, 4, 23, 19, 3, 4, 38, 7, 10, 2, 14, 2, 15, 1, 1,
42, 48, 51, 45, 6224, 32, 28, 4, 23, 19, 4, 3, 50, 7, 9, 1, 14, 1, 16, 1, 2,
43, 40, 44, 45, 5998, 32, 27, 4, 23, 19, 3, 3, 27, 6, 10, 1, 14, 1, 15, 1, 2,
42, 21, 50, 39, 1188, 32, 28, 2, 22, 19, 4, 2, 39, 7, 10, 1, 14, 2, 16, 1, 2,
41, 24, 50, 47, 6313, 33, 28, 3, 23, 19, 4, 4, 41, 7, 10, 1, 12, 2, 15, 1, 1,
41, 6, 44, 46, 1221, 33, 27, 1, 20, 19, 2, 2, 27, 7, 10, 2, 14, 1, 16, 1, 1,
40, 24, 50, 46, 2892, 32, 28, 3, 21, 19, 4, 3, 51, 7, 9, 1, 14, 1, 16, 1, 1,
41, 24, 50, 46, 3062, 31, 28, 4, 23, 19, 3, 3, 32, 7, 8, 1, 14, 1, 15, 1, 1,
41, 9, 50, 46, 2301, 29, 24, 2, 22, 19, 4, 2, 22, 7, 8, 1, 14, 1, 16, 1, 1,
43, 18, 50, 47, 7511, 33, 28, 1, 23, 19, 4, 2, 51, 7, 9, 1, 14, 2, 15, 1, 2,
41, 12, 44, 46, 1258, 32, 24, 2, 22, 19, 4, 2, 22, 7, 8, 2, 13, 1, 16, 1, 1,
41, 24, 51, 49, 717, 33, 28, 4, 20, 19, 4, 4, 54, 7, 10, 2, 14, 1, 15, 1, 1,
42, 9, 50, 49, 1549, 33, 24, 4, 23, 19, 2, 421, 35, 7, 10, 1, 11, 1, 16, 1, 1,
41, 24, 44, 45, 1597, 32, 28, 4, 23, 19, 4, 3, 54, 7, 9, 2, 14, 2, 16, 1, 1,
42, 18, 44, 52, 1795, 32, 28, 3, 22, 18, 4, 421, 48, 6, 8, 2, 13, 1, 15, 1, 1,
43, 20, 44, 46, 4272, 32, 28, 1, 22, 19, 4, 2, 24, 7, 10, 2, 14, 1, 16, 1, 1,
41, 12, 44, 52, 976, 33, 28, 4, 23, 19, 4, 4, 35, 7, 10, 2, 14, 1, 16, 1, 1,
42, 12, 50, 49, 7472, 33, 25, 1, 22, 19, 2, 421, 24, 7, 8, 1, 11, 1, 16, 1, 1,
43, 36, 50, 49, 9271, 32, 26, 2, 23, 19, 1, 4, 24, 7, 10, 1, 14, 1, 15, 1, 2,
42, 6, 50, 52, 590, 32, 24, 3, 20, 19, 3, 421, 26, 7, 10, 1, 13, 1, 16, 0, 1,
41, 12, 44, 52, 930, 33, 28, 4, 23, 19, 4, 421, 65, 7, 10, 4, 14, 1, 16, 1, 1,
42, 42, 38, 47, 9283, 32, 25, 1, 23, 19, 2, 3, 55, 6, 9, 1, 12, 1, 15, 1, 1,
42, 15, 48, 49, 1778, 32, 24, 2, 22, 19, 1, 421, 26, 7, 8, 2, 11, 1, 16, 1, 2,
42, 8, 50, 39, 907, 32, 24, 3, 20, 19, 2, 421, 26, 7, 10, 1, 14, 1, 15, 1, 1,
42, 6, 50, 52, 484, 32, 26, 3, 20, 18, 3, 421, 28, 6, 10, 1, 13, 1, 16, 1, 1,
43, 36, 44, 47, 9629, 32, 26, 4, 23, 19, 4, 4, 24, 7, 10, 2, 14, 1, 15, 1, 2,
43, 48, 50, 37, 3051, 32, 27, 3, 23, 19, 4, 4, 54, 7, 10, 1, 14, 1, 16, 1, 2,
43, 48, 50, 49, 3931, 32, 26, 4, 23, 19, 4, 3, 46, 7, 9, 1, 14, 2, 16, 1, 2,
42, 36, 51, 49, 7432, 32, 27, 2, 22, 19, 2, 2, 54, 7, 8, 1, 14, 1, 16, 1, 1,
41, 6, 50, 37, 1338, 31, 27, 1, 21, 19, 4, 421, 62, 7, 10, 1, 14, 1, 16, 1, 1,
41, 6, 44, 52, 1554, 32, 26, 1, 22, 19, 2, 4, 24, 7, 8, 2, 14, 1, 15, 1, 1,
43, 36, 50, 34, 15857, 32, 25, 2, 21, 17, 3, 4, 43, 7, 10, 1, 12, 1, 16, 1, 1,
43, 18, 50, 52, 1345, 32, 27, 4, 20, 19, 3, 421, 26, 6, 10, 1, 14, 1, 16, 1, 2,
41, 12, 50, 49, 1101, 32, 27, 3, 20, 19, 2, 421, 27, 7, 10, 2, 14, 1, 15, 1, 1,
40, 12, 50, 52, 3016, 32, 27, 3, 20, 19, 1, 4, 24, 7, 10, 1, 14, 1, 16, 1, 1,
43, 36, 50, 46, 2712, 32, 28, 2, 23, 19, 2, 2, 41, 6, 10, 1, 14, 2, 16, 1, 2,
43, 8, 44, 49, 731, 32, 28, 4, 23, 19, 4, 421, 47, 7, 10, 2, 13, 1, 16, 1, 1,
41, 18, 44, 46, 3780, 32, 24, 3, 21, 19, 2, 4, 35, 7, 10, 2, 12, 1, 15, 1, 1,
43, 21, 44, 49, 1602, 32, 28, 4, 20, 19, 3, 4, 30, 7, 10, 2, 14, 1, 15, 1, 1,
43, 18, 44, 49, 3966, 32, 28, 1, 22, 19, 4, 421, 33, 6, 8, 3, 14, 1, 15, 1, 2,
41, 18, 48, 39, 4165, 32, 27, 2, 23, 19, 2, 4, 36, 5, 10, 2, 14, 2, 16, 1, 2,
43, 36, 50, 47, 8335, 33, 28, 3, 23, 19, 4, 3, 47, 7, 9, 1, 14, 1, 16, 1, 2,
42, 48, 51, 39, 6681, 33, 27, 4, 23, 19, 4, 3, 38, 7, 9, 1, 14, 2, 15, 1, 1,
41, 24, 51, 39, 2375, 31, 27, 4, 23, 19, 2, 4, 44, 7, 10, 2, 14, 2, 15, 1, 1,
43, 18, 50, 49, 1216, 32, 24, 4, 22, 19, 3, 4, 23, 7, 8, 1, 14, 1, 15, 1, 2,
43, 45, 48, 39, 11816, 32, 28, 2, 23, 19, 4, 4, 29, 7, 8, 2, 14, 1, 16, 1, 2,
42, 24, 50, 52, 5084, 33, 28, 2, 22, 19, 4, 4, 42, 7, 10, 1, 14, 1, 15, 1, 1,
40, 15, 50, 52, 2327, 32, 24, 2, 22, 19, 3, 421, 25, 7, 10, 1, 13, 1, 16, 1, 2,
43, 12, 48, 49, 1082, 32, 27, 4, 23, 19, 4, 4, 48, 6, 10, 2, 14, 1, 16, 1, 2,
41, 12, 50, 52, 886, 33, 27, 4, 22, 19, 2, 4, 21, 7, 10, 1, 14, 1, 16, 1, 1,
41, 4, 50, 46, 601, 32, 24, 1, 22, 19, 3, 421, 23, 7, 8, 1, 13, 2, 16, 1, 1,
43, 24, 44, 47, 2957, 32, 28, 4, 23, 19, 4, 2, 63, 7, 10, 2, 14, 1, 15, 1, 1,
41, 24, 44, 52, 2611, 32, 28, 4, 20, 17, 3, 421, 46, 7, 10, 2, 14, 1, 16, 1, 1,
43, 36, 50, 46, 5179, 32, 26, 4, 23, 19, 2, 2, 29, 7, 10, 1, 14, 1, 16, 1, 2,
41, 21, 51, 47, 2993, 32, 27, 3, 23, 19, 2, 421, 28, 5, 10, 2, 13, 1, 16, 1, 1,
41, 18, 50, 36, 1943, 32, 24, 4, 22, 19, 4, 421, 23, 7, 10, 1, 14, 1, 16, 1, 2,
41, 24, 38, 39, 1559, 32, 26, 4, 23, 19, 4, 4, 50, 6, 10, 1, 14, 1, 15, 1, 1,
41, 18, 50, 46, 3422, 32, 28, 4, 23, 19, 4, 2, 47, 6, 10, 3, 14, 2, 15, 1, 1,
42, 21, 50, 46, 3976, 33, 26, 2, 23, 19, 3, 4, 35, 7, 10, 1, 14, 1, 15, 1, 1,
41, 18, 50, 49, 6761, 33, 27, 2, 23, 19, 4, 4, 68, 7, 8, 2, 14, 1, 16, 1, 2,
41, 24, 50, 49, 1249, 32, 24, 4, 20, 19, 2, 421, 28, 7, 10, 1, 14, 1, 16, 1, 1,
43, 9, 50, 52, 1364, 32, 26, 3, 23, 19, 4, 421, 59, 7, 10, 1, 14, 1, 16, 1, 1,
43, 12, 50, 52, 709, 32, 28, 4, 23, 19, 4, 421, 57, 5, 10, 1, 13, 1, 16, 1, 2,
43, 20, 44, 49, 2235, 32, 27, 4, 20, 18, 2, 2, 33, 6, 8, 2, 14, 1, 16, 0, 2,
41, 24, 44, 47, 4042, 33, 26, 3, 23, 19, 4, 2, 43, 7, 10, 2, 14, 1, 15, 1, 1,
41, 15, 44, 52, 1471, 32, 27, 4, 23, 19, 4, 3, 35, 7, 9, 2, 14, 1, 15, 1, 1,
43, 18, 38, 49, 1442, 32, 26, 4, 23, 19, 4, 3, 32, 7, 9, 2, 13, 2, 16, 1, 2,
41, 36, 51, 49, 10875, 32, 28, 2, 23, 19, 2, 4, 45, 7, 10, 2, 14, 2, 15, 1, 1,
41, 24, 50, 49, 1474, 29, 24, 4, 20, 19, 3, 421, 33, 7, 10, 1, 14, 1, 15, 1, 1,
41, 10, 50, 35, 894, 33, 26, 4, 22, 19, 3, 2, 40, 7, 10, 1, 14, 1, 15, 1, 1,
41, 15, 44, 46, 3343, 32, 27, 4, 23, 19, 2, 3, 28, 7, 9, 1, 14, 1, 15, 1, 1,
43, 15, 50, 49, 3959, 32, 27, 3, 22, 19, 2, 2, 29, 7, 10, 1, 14, 1, 15, 1, 2,
41, 9, 50, 49, 3577, 29, 27, 1, 23, 18, 2, 421, 26, 7, 8, 1, 14, 2, 16, 0, 1,
41, 24, 44, 47, 5804, 30, 27, 4, 23, 19, 2, 421, 27, 7, 10, 2, 14, 1, 16, 1, 1,
41, 18, 51, 39, 2169, 32, 27, 4, 20, 19, 2, 4, 28, 7, 10, 1, 14, 1, 15, 1, 2,
43, 24, 50, 52, 2439, 32, 24, 4, 22, 19, 4, 421, 35, 7, 10, 1, 14, 1, 15, 1, 2,
41, 27, 44, 46, 4526, 30, 24, 4, 23, 19, 2, 421, 32, 5, 10, 2, 13, 2, 15, 1, 1,
41, 10, 50, 46, 2210, 32, 27, 2, 23, 19, 2, 421, 25, 6, 8, 1, 13, 1, 16, 1, 2,
41, 15, 50, 46, 2221, 31, 27, 2, 22, 19, 4, 4, 20, 7, 8, 1, 14, 1, 16, 1, 1,
43, 18, 50, 52, 2389, 32, 24, 4, 22, 19, 1, 4, 27, 5, 10, 1, 14, 1, 16, 1, 1,
41, 12, 44, 46, 3331, 32, 28, 2, 23, 19, 4, 2, 42, 5, 10, 1, 14, 1, 16, 1, 1,
41, 36, 50, 39, 7409, 33, 28, 3, 23, 19, 2, 2, 37, 7, 10, 2, 14, 1, 16, 1, 1,
43, 12, 50, 46, 652, 32, 28, 4, 22, 19, 4, 2, 24, 7, 8, 1, 14, 1, 16, 1, 1,
41, 36, 51, 46, 7678, 31, 26, 2, 22, 19, 4, 4, 40, 7, 10, 2, 14, 1, 15, 1, 1,
40, 6, 44, 49, 1343, 32, 28, 1, 23, 19, 4, 421, 46, 7, 10, 2, 14, 2, 16, 0, 1,
43, 24, 44, 39, 1382, 29, 26, 4, 23, 19, 1, 421, 26, 7, 10, 2, 14, 1, 15, 1, 1,
41, 15, 50, 37, 874, 33, 24, 4, 22, 19, 1, 421, 24, 7, 10, 1, 14, 1, 16, 1, 1,
43, 12, 50, 46, 3590, 32, 27, 2, 23, 17, 2, 2, 29, 7, 10, 1, 13, 2, 16, 1, 1,
42, 11, 44, 49, 1322, 30, 27, 4, 22, 19, 4, 4, 40, 7, 10, 2, 14, 1, 16, 1, 1,
43, 18, 38, 52, 1940, 32, 24, 3, 23, 17, 4, 3, 36, 6, 9, 1, 12, 1, 15, 1, 1,
41, 36, 50, 52, 3595, 32, 28, 4, 23, 19, 2, 4, 28, 7, 10, 1, 14, 1, 16, 1, 1,
43, 9, 50, 49, 1422, 32, 24, 3, 23, 19, 2, 3, 27, 7, 9, 1, 12, 1, 15, 1, 2,
41, 30, 44, 52, 6742, 33, 26, 2, 23, 19, 3, 2, 36, 7, 10, 2, 14, 1, 16, 1, 1,
41, 24, 50, 47, 7814, 32, 26, 3, 23, 19, 3, 4, 38, 7, 10, 1, 12, 1, 15, 1, 1,
41, 24, 50, 47, 9277, 33, 27, 2, 21, 19, 4, 3, 48, 7, 9, 1, 14, 1, 15, 1, 1,
42, 30, 44, 49, 2181, 33, 28, 4, 23, 19, 4, 421, 36, 7, 10, 2, 14, 1, 16, 1, 1,
41, 18, 44, 52, 1098, 32, 25, 4, 22, 19, 4, 4, 65, 7, 10, 2, 11, 1, 16, 1, 1,
42, 24, 50, 46, 4057, 32, 26, 3, 21, 19, 3, 4, 43, 7, 10, 1, 14, 1, 15, 1, 2,
43, 12, 50, 45, 795, 32, 24, 4, 22, 19, 4, 2, 53, 7, 10, 1, 14, 1, 16, 1, 2,
42, 24, 44, 39, 2825, 33, 26, 4, 23, 19, 3, 3, 34, 7, 10, 2, 14, 2, 15, 1, 1,
42, 48, 50, 39, 15672, 32, 27, 2, 23, 19, 2, 4, 23, 7, 10, 1, 14, 1, 15, 1, 2,
41, 36, 44, 49, 6614, 32, 28, 4, 23, 19, 4, 4, 34, 7, 10, 2, 12, 1, 15, 1, 1,
41, 28, 38, 47, 7824, 33, 24, 3, 23, 18, 4, 421, 40, 6, 8, 2, 14, 2, 15, 1, 1,
43, 27, 44, 39, 2442, 32, 28, 4, 23, 19, 4, 4, 43, 5, 10, 4, 12, 2, 15, 1, 1,
41, 15, 44, 52, 1829, 32, 28, 4, 23, 19, 4, 4, 46, 7, 10, 2, 14, 1, 15, 1, 1,
43, 12, 44, 49, 2171, 32, 27, 4, 23, 19, 4, 2, 38, 6, 10, 2, 13, 1, 16, 0, 1,
42, 36, 44, 47, 5800, 32, 27, 3, 23, 19, 4, 4, 34, 7, 10, 2, 14, 1, 15, 1, 1,
41, 18, 44, 52, 1169, 33, 27, 4, 23, 19, 3, 2, 29, 7, 10, 2, 14, 1, 15, 1, 1,
41, 36, 51, 47, 8947, 33, 26, 3, 23, 19, 2, 4, 31, 5, 10, 1, 12, 2, 15, 1, 1,
43, 21, 50, 52, 2606, 32, 24, 4, 22, 19, 4, 2, 28, 7, 8, 1, 12, 1, 15, 1, 1,
41, 12, 44, 46, 1592, 30, 26, 3, 22, 19, 2, 2, 35, 7, 10, 1, 14, 1, 16, 0, 1,
41, 15, 50, 46, 2186, 33, 26, 1, 22, 19, 4, 421, 33, 6, 8, 1, 13, 1, 16, 1, 1,
43, 18, 50, 46, 4153, 32, 27, 2, 23, 17, 3, 4, 42, 7, 10, 1, 14, 1, 16, 1, 2,
43, 16, 44, 49, 2625, 32, 28, 2, 23, 18, 4, 2, 43, 6, 8, 1, 14, 1, 15, 1, 2,
41, 20, 44, 49, 3485, 33, 24, 2, 21, 19, 4, 421, 44, 7, 10, 2, 14, 1, 15, 1, 1,
41, 36, 44, 47, 10477, 33, 28, 2, 23, 19, 4, 3, 42, 7, 9, 2, 14, 1, 16, 1, 1,
41, 15, 50, 52, 1386, 33, 27, 4, 20, 19, 2, 421, 40, 7, 8, 1, 14, 1, 15, 1, 1,
41, 24, 50, 52, 1278, 32, 28, 4, 23, 19, 1, 421, 36, 7, 10, 1, 12, 1, 15, 1, 1,
43, 12, 50, 52, 1107, 32, 27, 2, 23, 19, 2, 421, 20, 7, 8, 1, 12, 2, 15, 1, 1,
43, 21, 50, 49, 3763, 33, 26, 2, 23, 17, 2, 421, 24, 7, 10, 1, 13, 1, 16, 0, 1,
42, 36, 50, 45, 3711, 33, 27, 2, 20, 19, 2, 4, 27, 7, 10, 1, 14, 1, 16, 1, 1,
41, 15, 51, 47, 3594, 32, 24, 1, 22, 19, 2, 2, 46, 7, 10, 2, 13, 1, 16, 1, 1,
42, 9, 50, 49, 3195, 33, 27, 1, 22, 19, 2, 421, 33, 7, 10, 1, 13, 1, 16, 1, 1,
41, 36, 51, 52, 4454, 32, 27, 4, 22, 19, 4, 421, 34, 7, 10, 2, 14, 1, 16, 1, 1,
42, 24, 44, 46, 4736, 32, 24, 2, 22, 19, 4, 4, 25, 6, 10, 1, 13, 1, 16, 1, 2,
42, 30, 50, 52, 2991, 33, 28, 2, 22, 19, 4, 4, 25, 7, 10, 1, 14, 1, 16, 1, 1,
41, 11, 50, 39, 2142, 30, 28, 1, 21, 19, 2, 421, 28, 7, 10, 1, 14, 1, 15, 1, 1,
43, 24, 38, 39, 3161, 32, 27, 4, 23, 19, 2, 2, 31, 7, 8, 1, 14, 1, 15, 1, 2,
41, 10, 50, 47, 2848, 29, 27, 1, 23, 17, 2, 421, 32, 7, 10, 1, 14, 2, 16, 1, 1,
43, 6, 50, 49, 14896, 32, 28, 1, 23, 19, 4, 3, 68, 6, 10, 1, 12, 1, 15, 1, 2,
43, 24, 50, 46, 2359, 29, 25, 1, 21, 19, 1, 2, 33, 7, 10, 1, 14, 1, 16, 1, 2,
41, 18, 44, 46, 1817, 32, 27, 4, 22, 19, 2, 3, 28, 7, 10, 2, 14, 1, 16, 1, 1,
41, 48, 51, 52, 12749, 31, 26, 4, 23, 19, 1, 4, 37, 7, 10, 1, 12, 1, 15, 1, 1,
43, 9, 50, 52, 1366, 32, 24, 3, 22, 19, 4, 2, 22, 7, 8, 1, 14, 1, 16, 1, 2,
42, 12, 50, 49, 2002, 32, 26, 3, 23, 19, 4, 2, 30, 7, 8, 1, 14, 2, 15, 1, 1,
43, 24, 38, 46, 6872, 32, 24, 2, 21, 19, 1, 2, 55, 6, 10, 1, 14, 1, 15, 1, 2,
43, 12, 38, 49, 697, 32, 24, 4, 23, 19, 2, 4, 46, 6, 10, 2, 14, 1, 15, 1, 2,
43, 18, 44, 46, 1049, 32, 24, 4, 22, 19, 4, 2, 21, 7, 8, 1, 14, 1, 16, 1, 1,
43, 48, 50, 47, 10297, 32, 26, 4, 23, 19, 4, 3, 39, 5, 9, 3, 14, 2, 15, 1, 2,
41, 30, 50, 52, 1867, 33, 28, 4, 23, 19, 4, 4, 58, 7, 10, 1, 14, 1, 15, 1, 1,
43, 12, 51, 49, 1344, 32, 27, 4, 23, 19, 2, 421, 43, 7, 10, 2, 13, 2, 16, 1, 1,
43, 24, 50, 46, 1747, 32, 24, 4, 23, 17, 1, 2, 24, 7, 10, 1, 13, 1, 16, 0, 1,
42, 9, 50, 52, 1670, 32, 24, 4, 22, 19, 2, 4, 22, 7, 10, 1, 14, 1, 15, 1, 2,
41, 9, 44, 49, 1224, 32, 27, 3, 23, 19, 1, 421, 30, 7, 10, 2, 14, 1, 16, 1, 1,
41, 12, 44, 52, 522, 31, 28, 4, 23, 19, 4, 2, 42, 7, 10, 2, 14, 2, 15, 1, 1,
43, 12, 50, 52, 1498, 32, 27, 4, 22, 19, 1, 4, 23, 6, 10, 1, 14, 1, 16, 1, 1,
40, 9, 50, 52, 745, 32, 27, 3, 22, 19, 2, 421, 28, 7, 10, 1, 13, 1, 16, 1, 2,
42, 6, 50, 52, 2063, 32, 24, 4, 20, 19, 3, 4, 30, 7, 8, 1, 12, 1, 15, 1, 1,
41, 24, 44, 47, 6842, 33, 27, 2, 23, 19, 4, 2, 46, 7, 10, 2, 12, 2, 15, 1, 1,
41, 12, 50, 49, 3527, 33, 24, 2, 23, 19, 3, 2, 45, 7, 10, 1, 12, 2, 15, 1, 1,
41, 10, 50, 49, 1546, 32, 27, 3, 23, 19, 2, 421, 31, 7, 10, 1, 13, 2, 16, 0, 1,
41, 24, 50, 46, 929, 33, 26, 4, 23, 19, 2, 4, 31, 5, 10, 1, 14, 1, 15, 1, 1,
41, 4, 44, 49, 1455, 32, 26, 2, 23, 19, 1, 421, 42, 7, 10, 3, 13, 2, 16, 1, 1,
43, 15, 50, 46, 1845, 32, 24, 4, 22, 18, 1, 2, 46, 7, 8, 1, 14, 1, 16, 1, 1,
42, 48, 48, 49, 8358, 31, 24, 1, 22, 19, 1, 4, 30, 7, 10, 2, 14, 1, 16, 1, 1,
43, 24, 38, 46, 3349, 31, 24, 4, 23, 19, 4, 3, 30, 7, 9, 1, 14, 2, 15, 1, 2,
41, 12, 50, 49, 2859, 33, 25, 4, 23, 19, 4, 3, 38, 7, 10, 1, 12, 1, 15, 1, 1,
41, 18, 50, 46, 1533, 32, 24, 4, 20, 17, 1, 2, 43, 7, 10, 1, 13, 2, 16, 1, 2,
42, 18, 44, 39, 3590, 32, 25, 3, 20, 19, 3, 4, 40, 7, 10, 3, 11, 2, 15, 1, 1,
43, 36, 51, 39, 2145, 32, 26, 2, 23, 19, 1, 4, 24, 7, 10, 2, 14, 1, 15, 1, 2,
42, 24, 50, 47, 4113, 31, 24, 3, 22, 19, 4, 4, 28, 7, 8, 1, 14, 1, 16, 1, 2,
41, 36, 50, 46, 10974, 32, 25, 4, 22, 19, 2, 4, 26, 7, 10, 2, 12, 1, 15, 1, 2,
43, 12, 50, 49, 1893, 32, 27, 4, 22, 18, 4, 2, 29, 7, 10, 1, 14, 1, 15, 1, 1,
43, 24, 44, 52, 1231, 30, 28, 4, 22, 19, 4, 2, 57, 7, 8, 2, 12, 1, 15, 1, 1,
40, 30, 44, 52, 3656, 33, 28, 4, 23, 19, 4, 2, 49, 5, 10, 2, 13, 1, 16, 1, 1,
42, 9, 44, 52, 1154, 32, 28, 2, 23, 19, 4, 421, 37, 7, 10, 3, 13, 1, 16, 1, 1,
43, 28, 50, 49, 4006, 32, 27, 3, 23, 19, 2, 4, 45, 7, 10, 1, 13, 1, 16, 1, 2,
42, 24, 50, 46, 3069, 29, 28, 4, 23, 19, 4, 3, 30, 7, 9, 1, 14, 1, 16, 1, 1,
41, 6, 44, 52, 1740, 32, 28, 2, 20, 19, 2, 421, 30, 7, 8, 2, 14, 1, 16, 1, 1,
42, 21, 51, 49, 2353, 32, 27, 1, 21, 19, 4, 2, 47, 7, 10, 2, 14, 1, 16, 1, 1,
41, 15, 50, 49, 3556, 33, 27, 3, 23, 19, 2, 3, 29, 7, 10, 1, 14, 1, 16, 1, 1,
41, 24, 50, 52, 2397, 31, 28, 3, 23, 19, 2, 4, 35, 6, 10, 2, 14, 1, 15, 1, 2,
42, 6, 50, 36, 454, 32, 24, 3, 20, 19, 1, 2, 22, 7, 10, 1, 13, 1, 16, 1, 1,
42, 30, 50, 52, 1715, 33, 27, 4, 22, 19, 1, 4, 26, 7, 10, 1, 14, 1, 16, 1, 1,
42, 27, 44, 52, 2520, 31, 27, 4, 23, 19, 2, 2, 23, 7, 10, 2, 13, 1, 16, 1, 2,
41, 15, 50, 52, 3568, 32, 28, 4, 22, 19, 2, 4, 54, 6, 8, 1, 12, 1, 15, 1, 1,
41, 42, 50, 52, 7166, 33, 26, 2, 20, 19, 4, 2, 29, 7, 8, 1, 14, 1, 15, 1, 1,
43, 11, 44, 49, 3939, 32, 27, 1, 23, 19, 2, 421, 40, 7, 10, 2, 13, 2, 16, 1, 1,
42, 15, 50, 36, 1514, 29, 27, 4, 23, 18, 2, 421, 22, 7, 10, 1, 14, 1, 16, 1, 1,
41, 24, 50, 49, 7393, 32, 27, 1, 23, 19, 4, 2, 43, 7, 10, 1, 13, 2, 16, 1, 1,
43, 24, 38, 49, 1193, 32, 25, 1, 22, 17, 4, 3, 29, 7, 8, 2, 11, 1, 16, 1, 2,
43, 60, 50, 39, 7297, 32, 28, 4, 23, 17, 4, 3, 36, 7, 8, 1, 14, 1, 16, 1, 2,
41, 30, 44, 52, 2831, 32, 27, 4, 22, 19, 2, 4, 33, 7, 10, 1, 14, 1, 15, 1, 1,
40, 24, 50, 52, 1258, 31, 27, 3, 22, 19, 3, 4, 57, 7, 10, 1, 13, 1, 16, 1, 1,
42, 6, 50, 52, 753, 32, 27, 2, 22, 18, 3, 421, 64, 7, 10, 1, 14, 1, 16, 1, 1,
42, 18, 51, 39, 2427, 33, 28, 4, 23, 19, 2, 2, 42, 7, 10, 2, 14, 1, 16, 1, 1,
41, 24, 51, 49, 2538, 32, 28, 4, 23, 19, 4, 4, 47, 7, 10, 2, 13, 2, 16, 1, 2,
42, 15, 38, 49, 1264, 29, 27, 2, 20, 19, 2, 2, 25, 7, 8, 1, 14, 1, 16, 1, 2,
41, 48, 50, 39, 4844, 32, 25, 3, 23, 19, 2, 4, 33, 6, 8, 1, 12, 1, 15, 1, 2,
40, 21, 50, 49, 2923, 29, 27, 1, 22, 19, 1, 4, 28, 6, 10, 1, 12, 1, 15, 1, 1,
43, 36, 50, 47, 8229, 32, 27, 2, 23, 19, 2, 2, 26, 7, 10, 1, 14, 2, 16, 1, 2,
41, 24, 44, 46, 2028, 32, 26, 2, 23, 19, 2, 2, 30, 7, 10, 2, 13, 1, 16, 1, 1,
43, 15, 44, 46, 1433, 32, 27, 4, 22, 19, 3, 2, 25, 7, 8, 2, 14, 1, 16, 1, 1,
40, 42, 48, 39, 6289, 32, 24, 2, 21, 19, 1, 2, 33, 7, 10, 2, 14, 1, 16, 1, 1,
41, 13, 50, 52, 1409, 29, 25, 2, 22, 19, 4, 421, 64, 7, 10, 1, 14, 1, 16, 1, 1,
43, 24, 50, 47, 6579, 32, 25, 4, 23, 19, 2, 3, 29, 7, 9, 1, 12, 1, 15, 1, 1,
42, 24, 44, 52, 1743, 32, 28, 4, 23, 19, 2, 2, 48, 7, 10, 2, 13, 1, 16, 1, 1,
41, 12, 44, 45, 3565, 33, 24, 2, 23, 19, 1, 2, 37, 7, 10, 2, 13, 2, 16, 1, 1,
41, 15, 38, 52, 1569, 29, 28, 4, 23, 19, 4, 4, 34, 6, 10, 1, 13, 2, 16, 1, 1,
43, 18, 50, 52, 1936, 33, 26, 2, 20, 19, 4, 4, 23, 7, 8, 2, 13, 1, 16, 1, 1,
43, 36, 50, 46, 3959, 32, 25, 4, 23, 19, 3, 2, 30, 7, 10, 1, 12, 1, 15, 1, 1,
41, 12, 50, 49, 2390, 33, 28, 4, 23, 19, 3, 4, 50, 7, 10, 1, 14, 1, 15, 1, 1,
41, 12, 50, 46, 1736, 32, 26, 3, 22, 19, 4, 421, 31, 7, 10, 1, 13, 1, 16, 1, 1,
43, 30, 50, 47, 3857, 32, 27, 4, 21, 19, 4, 2, 40, 7, 10, 1, 12, 1, 15, 1, 1,
41, 12, 50, 52, 804, 32, 28, 4, 23, 19, 4, 4, 38, 7, 10, 1, 14, 1, 16, 1, 1,
43, 45, 50, 52, 1845, 32, 27, 4, 23, 19, 4, 3, 23, 7, 9, 1, 14, 1, 15, 1, 2,
42, 45, 44, 47, 4576, 29, 25, 3, 23, 19, 4, 4, 27, 7, 10, 1, 14, 1, 16, 1, 1,
42, 36, 50, 47, 6948, 32, 27, 2, 23, 19, 2, 4, 35, 7, 8, 1, 12, 1, 15, 1, 1,
42, 12, 50, 49, 1295, 32, 24, 3, 22, 19, 1, 4, 25, 7, 8, 1, 14, 1, 16, 1, 2,
43, 48, 50, 39, 4308, 32, 24, 3, 22, 19, 4, 2, 24, 7, 8, 1, 14, 1, 16, 1, 2,
43, 24, 44, 49, 1199, 32, 28, 4, 23, 19, 4, 4, 60, 7, 10, 2, 13, 1, 16, 1, 2,
41, 24, 50, 52, 3430, 31, 28, 3, 23, 19, 2, 4, 31, 7, 10, 1, 14, 2, 15, 1, 1,
41, 12, 44, 39, 1264, 33, 28, 4, 23, 19, 4, 3, 57, 7, 8, 1, 13, 1, 16, 1, 1,
42, 36, 48, 39, 1953, 32, 28, 4, 23, 19, 4, 3, 61, 7, 9, 1, 12, 1, 15, 1, 2,
41, 12, 50, 52, 2171, 32, 24, 2, 22, 19, 2, 4, 29, 6, 10, 1, 14, 1, 16, 1, 1,
43, 24, 50, 34, 1755, 32, 28, 4, 22, 18, 4, 421, 58, 7, 10, 1, 13, 1, 15, 1, 1,
41, 12, 44, 39, 1412, 32, 27, 4, 22, 18, 2, 421, 29, 7, 10, 2, 12, 1, 15, 1, 1,
43, 12, 48, 36, 1108, 32, 26, 4, 23, 19, 3, 421, 28, 7, 10, 2, 14, 1, 16, 1, 2,
42, 24, 44, 34, 11938, 32, 27, 2, 23, 17, 3, 4, 39, 7, 10, 2, 12, 2, 15, 1, 2,
40, 15, 50, 45, 392, 32, 24, 4, 22, 19, 4, 2, 23, 7, 8, 1, 14, 1, 15, 1, 1,
42, 12, 50, 52, 766, 31, 27, 4, 23, 19, 3, 421, 66, 7, 10, 1, 13, 1, 16, 1, 2,
43, 12, 38, 35, 339, 32, 28, 4, 20, 19, 1, 4, 45, 6, 10, 1, 13, 1, 16, 1, 1,
41, 24, 44, 52, 2872, 29, 28, 3, 23, 19, 4, 421, 36, 7, 10, 1, 14, 2, 15, 1, 1,
41, 6, 50, 46, 2978, 31, 27, 1, 23, 19, 2, 4, 32, 7, 10, 1, 14, 1, 15, 1, 1,
41, 24, 50, 46, 3972, 32, 26, 2, 22, 19, 4, 2, 25, 7, 8, 1, 14, 1, 15, 1, 1,
43, 6, 44, 52, 338, 31, 28, 4, 23, 19, 4, 4, 52, 7, 10, 2, 14, 1, 16, 1, 1,
41, 36, 51, 39, 9572, 32, 24, 1, 21, 19, 1, 4, 28, 7, 10, 2, 14, 1, 16, 1, 2,
42, 16, 44, 49, 1175, 32, 25, 2, 23, 19, 3, 4, 68, 7, 9, 3, 11, 1, 15, 1, 1,
43, 12, 50, 52, 674, 29, 26, 4, 20, 19, 1, 2, 20, 7, 10, 1, 14, 1, 16, 1, 2,
42, 18, 48, 46, 3244, 32, 27, 1, 22, 19, 4, 4, 33, 6, 10, 2, 14, 1, 15, 1, 1,
41, 6, 44, 52, 1382, 32, 27, 1, 22, 19, 1, 4, 28, 7, 10, 2, 14, 1, 15, 1, 1,
41, 9, 44, 45, 936, 31, 28, 4, 23, 19, 2, 4, 52, 7, 10, 2, 14, 1, 15, 1, 1,
43, 12, 50, 35, 902, 32, 26, 4, 20, 19, 4, 2, 21, 7, 8, 1, 14, 1, 16, 1, 2,
41, 12, 50, 47, 1413, 30, 26, 3, 23, 19, 2, 2, 55, 7, 10, 1, 14, 1, 16, 0, 1,
41, 15, 50, 47, 4657, 32, 27, 3, 23, 19, 2, 4, 30, 7, 10, 1, 14, 1, 15, 1, 1,
41, 9, 50, 52, 1478, 32, 26, 4, 23, 19, 2, 4, 22, 7, 10, 1, 14, 1, 16, 1, 2,
41, 9, 50, 49, 2507, 31, 28, 2, 23, 19, 4, 3, 51, 7, 9, 1, 13, 1, 16, 1, 1,
43, 24, 50, 49, 915, 33, 28, 4, 22, 19, 2, 4, 29, 6, 10, 1, 14, 1, 16, 1, 2,
41, 12, 44, 39, 1185, 32, 27, 3, 22, 19, 2, 421, 27, 7, 10, 2, 14, 1, 16, 1, 1,
42, 9, 50, 46, 2030, 33, 26, 2, 23, 19, 1, 4, 24, 7, 10, 1, 14, 1, 15, 1, 1,
41, 10, 44, 49, 1231, 32, 28, 3, 23, 19, 4, 421, 32, 7, 10, 2, 13, 2, 16, 0, 1,
42, 48, 38, 49, 12169, 33, 25, 4, 23, 17, 4, 3, 36, 7, 9, 1, 12, 1, 15, 1, 1,
43, 12, 50, 46, 1262, 33, 28, 2, 21, 19, 4, 2, 49, 7, 10, 1, 13, 1, 15, 1, 1,
41, 24, 50, 52, 1901, 29, 27, 4, 23, 19, 4, 4, 29, 7, 8, 1, 12, 1, 15, 1, 1,
42, 21, 44, 46, 2745, 30, 26, 3, 23, 19, 2, 4, 32, 7, 10, 2, 14, 1, 15, 1, 1,
42, 8, 50, 46, 1237, 32, 27, 3, 22, 19, 4, 421, 24, 7, 10, 1, 14, 1, 16, 1, 2,
41, 24, 50, 46, 5511, 29, 27, 4, 23, 19, 1, 4, 25, 5, 10, 1, 14, 1, 16, 1, 1,
41, 18, 44, 49, 1028, 32, 27, 4, 22, 19, 3, 421, 36, 7, 10, 2, 14, 1, 16, 1, 1,
42, 13, 44, 52, 882, 32, 24, 4, 23, 18, 4, 421, 23, 7, 10, 2, 14, 1, 16, 1, 1,
43, 12, 48, 52, 6199, 32, 27, 4, 23, 19, 2, 2, 28, 7, 8, 2, 14, 1, 15, 1, 2,
40, 12, 51, 49, 2247, 32, 27, 2, 22, 19, 2, 4, 36, 5, 10, 2, 14, 1, 15, 1, 1,
41, 36, 50, 49, 3079, 33, 27, 4, 23, 19, 4, 421, 36, 7, 10, 1, 14, 1, 16, 1, 1,
41, 60, 44, 49, 13756, 33, 28, 2, 23, 19, 4, 3, 63, 6, 9, 1, 12, 1, 15, 1, 1,
42, 60, 38, 34, 14782, 29, 28, 3, 22, 19, 4, 3, 60, 6, 9, 2, 12, 1, 15, 1, 2,
40, 12, 50, 49, 1330, 32, 24, 4, 23, 19, 1, 421, 26, 7, 10, 1, 14, 1, 16, 1, 1,
42, 15, 44, 39, 2326, 31, 27, 2, 23, 19, 4, 4, 27, 6, 10, 1, 14, 1, 16, 1, 1,
41, 9, 50, 39, 1449, 32, 26, 3, 22, 19, 2, 4, 27, 7, 10, 2, 14, 1, 16, 1, 1,
42, 12, 44, 49, 958, 32, 26, 2, 23, 19, 3, 421, 47, 7, 10, 2, 13, 2, 16, 1, 1,
41, 24, 44, 36, 2058, 32, 27, 4, 21, 19, 2, 421, 33, 7, 10, 2, 14, 1, 15, 1, 1,
42, 48, 44, 46, 5096, 32, 27, 2, 22, 19, 3, 4, 30, 7, 10, 1, 12, 1, 15, 1, 2,
41, 24, 50, 47, 2670, 32, 28, 4, 23, 19, 4, 4, 35, 7, 10, 1, 12, 1, 15, 1, 1,
41, 18, 50, 39, 1950, 32, 26, 4, 23, 19, 1, 4, 34, 5, 10, 2, 14, 1, 15, 1, 1,
41, 24, 51, 47, 4679, 32, 26, 3, 23, 19, 3, 4, 35, 7, 10, 2, 13, 1, 15, 1, 1,
43, 6, 50, 45, 448, 32, 24, 4, 22, 19, 4, 2, 23, 7, 10, 1, 14, 1, 16, 1, 2,
42, 12, 44, 52, 3573, 32, 27, 1, 22, 19, 1, 421, 23, 7, 10, 1, 13, 1, 16, 1, 1,
41, 12, 50, 52, 3077, 32, 27, 2, 23, 19, 4, 4, 52, 7, 10, 1, 14, 1, 15, 1, 1,
41, 6, 50, 49, 3518, 32, 27, 2, 23, 18, 3, 2, 26, 7, 8, 1, 14, 1, 16, 1, 1,
43, 36, 50, 47, 5493, 32, 28, 2, 23, 19, 4, 3, 42, 7, 9, 1, 14, 2, 16, 1, 1,
43, 6, 44, 49, 609, 32, 26, 4, 22, 19, 3, 2, 37, 7, 10, 2, 14, 1, 16, 0, 1,
41, 6, 44, 52, 700, 33, 28, 4, 23, 19, 4, 3, 36, 7, 9, 2, 14, 1, 16, 1, 1,
42, 18, 50, 52, 1113, 32, 27, 4, 22, 18, 4, 421, 26, 7, 10, 1, 13, 2, 16, 1, 1,
42, 36, 50, 45, 2273, 32, 26, 3, 23, 19, 1, 4, 32, 7, 10, 2, 14, 2, 16, 1, 1,
43, 24, 51, 49, 1333, 32, 25, 4, 23, 19, 2, 421, 43, 7, 9, 2, 14, 2, 16, 1, 2,
42, 12, 50, 52, 1331, 32, 24, 2, 23, 19, 1, 4, 22, 5, 10, 1, 14, 1, 16, 1, 2,
41, 15, 44, 46, 2788, 32, 26, 2, 22, 17, 3, 4, 24, 6, 10, 2, 14, 1, 16, 1, 1,
41, 24, 50, 35, 937, 32, 24, 4, 20, 19, 3, 4, 27, 7, 10, 2, 13, 1, 16, 1, 1,
41, 12, 50, 49, 2133, 33, 28, 4, 22, 19, 4, 3, 52, 7, 9, 1, 12, 1, 15, 1, 1,
42, 24, 48, 39, 4241, 32, 27, 1, 23, 19, 4, 421, 36, 7, 10, 3, 13, 1, 15, 1, 2,
41, 24, 51, 39, 3863, 32, 27, 1, 23, 19, 2, 3, 32, 7, 9, 1, 14, 1, 16, 1, 1,
40, 10, 50, 46, 1275, 32, 24, 4, 22, 19, 2, 2, 23, 7, 10, 1, 14, 1, 16, 1, 1,
43, 24, 38, 46, 2828, 31, 27, 4, 23, 19, 4, 421, 22, 5, 10, 1, 14, 1, 15, 1, 1,
41, 9, 50, 45, 3832, 33, 28, 1, 23, 19, 4, 421, 64, 7, 10, 1, 13, 1, 16, 1, 1,
43, 24, 50, 52, 3660, 32, 27, 2, 22, 19, 4, 4, 28, 7, 10, 1, 14, 1, 16, 1, 1,
41, 12, 50, 52, 1493, 32, 24, 4, 22, 19, 3, 4, 34, 7, 10, 1, 14, 2, 16, 1, 1,
41, 24, 44, 47, 2346, 32, 26, 4, 23, 19, 3, 4, 35, 7, 10, 2, 14, 1, 15, 1, 1,
40, 6, 44, 45, 1047, 32, 27, 2, 22, 19, 4, 2, 50, 7, 10, 1, 13, 1, 16, 1, 1,
43, 12, 44, 49, 4843, 32, 28, 3, 23, 17, 4, 2, 43, 7, 8, 2, 14, 1, 15, 1, 2,
40, 15, 50, 45, 1905, 32, 28, 4, 23, 19, 4, 4, 40, 7, 8, 1, 12, 1, 15, 1, 1,
43, 48, 44, 47, 6331, 32, 28, 4, 23, 19, 4, 3, 46, 7, 9, 2, 14, 1, 15, 1, 2,
42, 60, 50, 49, 14027, 32, 26, 4, 23, 19, 2, 3, 27, 7, 10, 1, 12, 1, 15, 1, 2,
41, 18, 50, 52, 1505, 32, 27, 4, 23, 19, 2, 3, 32, 7, 9, 1, 12, 1, 15, 1, 1,
42, 20, 48, 47, 6148, 29, 28, 3, 20, 19, 4, 4, 31, 6, 10, 2, 14, 1, 15, 1, 1,
41, 15, 44, 52, 1316, 31, 27, 2, 20, 19, 2, 2, 47, 7, 10, 2, 13, 1, 16, 1, 1,
40, 24, 44, 39, 1275, 30, 27, 2, 21, 19, 4, 421, 36, 7, 10, 2, 14, 1, 15, 1, 1,
42, 36, 38, 37, 3990, 33, 24, 3, 22, 19, 2, 3, 29, 6, 10, 1, 11, 1, 16, 1, 1,
41, 21, 50, 52, 3160, 33, 28, 4, 23, 19, 3, 2, 41, 7, 10, 1, 14, 1, 15, 1, 1,
41, 10, 50, 47, 2901, 33, 24, 1, 22, 19, 4, 421, 31, 7, 8, 1, 14, 1, 16, 1, 1,
42, 12, 44, 46, 3617, 32, 28, 1, 23, 19, 4, 4, 28, 7, 8, 3, 14, 1, 15, 1, 1,
40, 12, 44, 49, 1480, 31, 25, 2, 23, 19, 4, 3, 66, 6, 9, 3, 11, 1, 16, 1, 1,
43, 24, 50, 49, 1371, 33, 27, 4, 22, 19, 4, 421, 25, 7, 8, 1, 14, 1, 16, 1, 2,
41, 22, 50, 52, 2675, 31, 28, 3, 23, 19, 4, 4, 40, 7, 10, 1, 14, 1, 16, 1, 1,
42, 48, 48, 34, 18424, 32, 27, 1, 22, 19, 2, 2, 32, 6, 10, 1, 12, 1, 15, 0, 2,
43, 24, 50, 46, 3345, 32, 28, 4, 23, 19, 2, 2, 39, 7, 8, 1, 12, 1, 15, 1, 2,
42, 30, 51, 52, 1919, 29, 24, 4, 23, 19, 3, 3, 30, 5, 10, 2, 12, 1, 16, 1, 2,
42, 60, 50, 45, 6288, 32, 27, 4, 23, 19, 4, 3, 42, 7, 9, 1, 14, 1, 16, 1, 2,
41, 24, 50, 52, 3621, 29, 28, 2, 23, 19, 4, 4, 31, 7, 10, 2, 14, 1, 16, 1, 2,
42, 30, 44, 46, 8386, 32, 26, 2, 23, 19, 2, 2, 49, 7, 10, 1, 14, 1, 16, 1, 2,
